Gebietsschlüssel;Gebietsbezeichnung;Wahlberechtigte;Wahlberechtigte ohne Sperrvermerk;Wahlberechtigte mit Sperrvermerk;Wahlberechtigte nach §19;Wähler;Wähler mit Wahlschein;Wahlbeteiligung;Berechnungsmethode Wahlbeteiligung;ungültige Erststimmen;gültige Erststimmen;ungültige Erststimmen in %;gültige Erstsstimmen in %;SPD Erststimmen;CDU Erststimmen;GRÜNE Erststimmen;FDP Erststimmen;Linke Erststimmen;FREIE WÄHLER Erststimmen;PIRATEN Erststimmen;NPD Erststimmen;REP Erststimmen;ödp Erststimmen;ALFA Erststimmen;AfD Erststimmen;III. Weg Erststimmen;DIE EINHEIT Erststimmen;FRIEDENSKÄMPFER Erststimmen;Pestemer Erststimmen;Sonstige Erststimmen;;;;;;;;;SPD Erststimmen in %;CDU Erststimmen in %;GRÜNE Erststimmen in %;FDP Erststimmen in %;Linke Erststimmen in %;FREIE WÄHLER Erststimmen in %;PIRATEN Erststimmen in %;NPD Erststimmen in %;REP Erststimmen in %;ödp Erststimmen in %;ALFA Erststimmen in %;AfD Erststimmen in %;III. Weg Erststimmen in %;DIE EINHEIT Erststimmen in %;FRIEDENSKÄMPFER Erststimmen in %;Pestemer Erststimmen in %;Sonstige Erststimmen in %;;;;;;;;;ungültige Zweitstimmen;gültige Zweitstimmen;ungültige Zweitstimmen in %;gültige Zweitstimmen in %;SPD Zweitstimmen;CDU Zweitstimmen;GRÜNE Zweitstimmen;FDP Zweitstimmen;Linke Zweitstimmen;FREIE WÄHLER Zweitstimmen;PIRATEN Zweitstimmen;NPD Zweitstimmen;REP Zweitstimmen;ödp Zweitstimmen;ALFA Zweitstimmen;AfD Zweitstimmen;III. Weg Zweitstimmen;DIE EINHEIT Zweitstimmen;FRIEDENSKÄMPFER Zweitstimmen;Pestemer Zweitstimmen;Sonstige Zweitstimmen;;;;;;;;;SPD Zweitstimmen in %;CDU Zweitstimmen in %;GRÜNE Zweitstimmen in %;FDP Zweitstimmen in %;Linke Zweitstimmen in %;FREIE WÄHLER Zweitstimmen in %;PIRATEN Zweitstimmen in %;NPD Zweitstimmen in %;REP Zweitstimmen in %;ödp Zweitstimmen in %;ALFA Zweitstimmen in %;AfD Zweitstimmen in %;III. Weg Zweitstimmen in %;DIE EINHEIT Zweitstimmen in %;FRIEDENSKÄMPFER Zweitstimmen in %;Pestemer Zweitstimmen in %;Sonstige Zweitstimmen in %;;;;;;;;;Gewählter Direktkandidat;Partei des Direktkandidaten;Anzahl Stimmbezirke;Anzahl ausgezählter Stimmbezirke;Zeitpunkt der letzten Änderung
0000000000000;Landesergebnis Rheinland-Pfalz;3071972;2377889;694010;73;2161506;662136;70,4;2;55461;2106045;2,6;97,4;759264;733764;135722;143850;77341;84945;5385;2602;638;7770;6066;147699;;;628;371;;;;;;;;;;36,1;34,8;6,4;6,8;3,7;4;0,3;0,1;0;0,4;0,3;7;;;0;0;;;;;;;;;;30885;2130621;1,4;98,6;771848;677507;113261;132294;59970;47924;16708;10565;5090;8623;13154;268628;1944;3105;;;;;;;;;;;;36,2;31,8;5,3;6,2;2,8;2,2;0,8;0,5;0,2;0,4;0,6;12,6;0,1;0,1;;;;;;;;;;;;;;4824;4824;22.03.2016 08:57:52
0001110000000;Koblenz, Kreisfreie Stadt;84900;63350;21547;3;57310;20596;67,5;2;1030;56280;1,8;98,2;20022;18212;4778;3687;2399;2572;643;;;;345;3622;;;;;;;;;;;;;;35,6;32,4;8,5;6,6;4,3;4,6;1,1;;;;0,6;6,4;;;;;;;;;;;;;;609;56701;1,1;98,9;19881;18353;4186;3941;2246;1244;690;231;60;200;238;5336;14;81;;;;;;;;;;;;35,1;32,4;7,4;7;4;2,2;1,2;0,4;0,1;0,4;0,4;9,4;0;0,1;;;;;;;;;;;;;;148;148;15.03.2016 09:40:22
0001310000000;Ahrweiler, Landkreis;100264;77622;22641;1;68491;21695;68,3;2;1683;66808;2,5;97,5;18153;30033;6190;5504;2393;;;;;1256;;3279;;;;;;;;;;;;;;27,2;45;9,3;8,2;3,6;;;;;1,9;;4,9;;;;;;;;;;;;;;834;67657;1,2;98,8;19752;27675;4032;4689;1628;1154;545;287;65;423;452;6911;20;24;;;;;;;;;;;;29,2;40,9;6;6,9;2,4;1,7;0,8;0,4;0,1;0,6;0,7;10,2;0;0;;;;;;;;;;;;;;153;153;16.03.2016 17:36:03
0001310100000;Adenau, VG;10550;8720;1830;0;7475;1745;70,9;2;274;7201;3,7;96,3;1437;3991;300;752;259;;;;;462;;;;;;;;;;;;;;;;20;55,4;4,2;10,4;3,6;;;;;6,4;;;;;;;;;;;;;;;;136;7339;1,8;98,2;1590;3754;248;605;161;81;53;20;12;133;32;648;1;1;;;;;;;;;;;;21,7;51,2;3,4;8,2;2,2;1,1;0,7;0,3;0,2;1,8;0,4;8,8;0;0;;;;;;;;;;;;;;42;42;16.03.2016 12:12:53
0001310200000;Altenahr, VG;8830;6638;2192;0;6343;2107;71,8;2;199;6144;3,1;96,9;1325;3425;505;469;231;;;;;189;;;;;;;;;;;;;;;;21,6;55,7;8,2;7,6;3,8;;;;;3,1;;;;;;;;;;;;;;;;84;6259;1,3;98,7;1566;2991;346;399;134;77;45;21;2;47;35;590;4;2;;;;;;;;;;;;25;47,8;5,5;6,4;2,1;1,2;0,7;0,3;0;0,8;0,6;9,4;0,1;0;;;;;;;;;;;;;;17;17;16.03.2016 13:11:16
0001310300000;Bad Breisig, VG;10063;7757;2306;0;6514;2199;64,7;2;100;6414;1,5;98,5;1968;2571;474;458;167;;;;;;;776;;;;;;;;;;;;;;30,7;40,1;7,4;7,1;2,6;;;;;;;12,1;;;;;;;;;;;;;;70;6444;1,1;98,9;2058;2387;345;399;138;132;65;28;6;19;29;834;1;3;;;;;;;;;;;;31,9;37;5,4;6,2;2,1;2;1;0,4;0,1;0,3;0,5;12,9;0;0;;;;;;;;;;;;;;14;14;16.03.2016 17:36:03
0001310400000;Brohltal, VG;14693;11313;3380;0;10478;3246;71,3;2;164;10314;1,6;98,4;3651;4179;710;588;313;;;;;;;873;;;;;;;;;;;;;;35,4;40,5;6,9;5,7;3;;;;;;;8,5;;;;;;;;;;;;;;104;10374;1;99;3340;4206;513;558;252;317;95;54;11;32;48;943;1;4;;;;;;;;;;;;32,2;40,5;4,9;5,4;2,4;3,1;0,9;0,5;0,1;0,3;0,5;9,1;0;0;;;;;;;;;;;;;;25;25;14.03.2016 11:49:42
0001320000000;Altenkirchen, Landkreis;100688;80762;19922;4;66519;18879;66,1;2;2436;64083;3,7;96,3;22613;26424;3425;5282;3024;2210;1105;;;;;;;;;;;;;;;;;;;35,3;41,2;5,3;8,2;4,7;3,4;1,7;;;;;;;;;;;;;;;;;;;883;65636;1,3;98,7;22113;23267;2806;3980;1809;1095;513;316;142;190;377;8910;39;79;;;;;;;;;;;;33,7;35,4;4,3;6,1;2,8;1,7;0,8;0,5;0,2;0,3;0,6;13,6;0,1;0,1;;;;;;;;;;;;;;175;175;17.03.2016 15:59:53
0001320100000;Altenkirchen (Westerwald), VG;17415;14483;2932;0;11319;2799;65;2;360;10959;3,2;96,8;4126;3543;799;1106;484;604;297;;;;;;;;;;;;;;;;;;;37,6;32,3;7,3;10,1;4,4;5,5;2,7;;;;;;;;;;;;;;;;;;;138;11181;1,2;98,8;4431;3041;606;763;365;199;105;49;20;36;66;1465;9;26;;;;;;;;;;;;39,6;27,2;5,4;6,8;3,3;1,8;0,9;0,4;0,2;0,3;0,6;13,1;0,1;0,2;;;;;;;;;;;;;;47;47;15.03.2016 10:41:09
0001320200000;Betzdorf, VG;11233;9003;2230;0;7400;2162;65,9;2;283;7117;3,8;96,2;2672;3185;306;608;346;;;;;;;;;;;;;;;;;;;;;37,5;44,8;4,3;8,5;4,9;;;;;;;;;;;;;;;;;;;;;106;7294;1,4;98,6;2483;2724;300;437;186;86;52;32;26;15;29;920;2;2;;;;;;;;;;;;34;37,3;4,1;6;2,6;1,2;0,7;0,4;0,4;0,2;0,4;12,6;0;0;;;;;;;;;;;;;;14;14;13.03.2016 19:56:02
0001320300000;Herdorf-Daaden, VG;14022;11893;2128;1;9273;2049;66,1;2;480;8793;5,2;94,8;3776;3150;347;938;582;;;;;;;;;;;;;;;;;;;;;42,9;35,8;3,9;10,7;6,6;;;;;;;;;;;;;;;;;;;;;174;9099;1,9;98,1;3164;2893;301;632;265;117;53;46;13;26;64;1512;5;8;;;;;;;;;;;;34,8;31,8;3,3;6,9;2,9;1,3;0,6;0,5;0,1;0,3;0,7;16,6;0,1;0,1;;;;;;;;;;;;;;20;20;13.03.2016 19:53:08
0001320400000;Flammersfeld, VG;9370;7417;1953;0;6440;1866;68,7;2;214;6226;3,3;96,7;1779;2808;401;456;220;347;215;;;;;;;;;;;;;;;;;;;28,6;45,1;6,4;7,3;3,5;5,6;3,5;;;;;;;;;;;;;;;;;;;74;6366;1,1;98,9;1973;2434;313;366;146;112;73;52;16;21;19;830;3;8;;;;;;;;;;;;31;38,2;4,9;5,7;2,3;1,8;1,1;0,8;0,3;0,3;0,3;13;0;0,1;;;;;;;;;;;;;;26;26;14.03.2016 10:50:41
0001320500000;Gebhardshain, VG;8659;6603;2056;0;6174;1966;71,3;2;194;5980;3,1;96,9;1446;3174;209;382;186;434;149;;;;;;;;;;;;;;;;;;;24,2;53,1;3,5;6,4;3,1;7,3;2,5;;;;;;;;;;;;;;;;;;;58;6116;0,9;99,1;1568;2811;174;347;142;149;42;24;12;15;39;789;1;3;;;;;;;;;;;;25,6;46;2,8;5,7;2,3;2,4;0,7;0,4;0,2;0,2;0,6;12,9;0;0;;;;;;;;;;;;;;12;12;13.03.2016 20:11:47
0001320600000;Hamm (Sieg), VG;9394;7752;1642;0;5981;1560;63,7;2;191;5790;3,2;96,8;2176;1969;352;366;307;407;213;;;;;;;;;;;;;;;;;;;37,6;34;6,1;6,3;5,3;7;3,7;;;;;;;;;;;;;;;;;;;70;5911;1,2;98,8;2274;1559;280;287;182;118;51;35;13;19;32;1040;3;18;;;;;;;;;;;;38,5;26,4;4,7;4,9;3,1;2;0,9;0,6;0,2;0,3;0,5;17,6;0,1;0,3;;;;;;;;;;;;;;14;14;14.03.2016 12:03:26
0001320700000;Kirchen (Sieg), VG;18715;14675;4039;1;12194;3848;65,2;2;485;11709;4;96;4595;4866;609;1019;620;;;;;;;;;;;;;;;;;;;;;39,2;41,6;5,2;8,7;5,3;;;;;;;;;;;;;;;;;;;;;176;12018;1,4;98,6;4039;4495;504;754;344;129;76;57;32;49;92;1425;12;10;;;;;;;;;;;;33,6;37,4;4,2;6,3;2,9;1,1;0,6;0,5;0,3;0,4;0,8;11,9;0,1;0,1;;;;;;;;;;;;;;23;23;17.03.2016 15:59:53
0001320800000;Wissen, VG;11880;8936;2942;2;7738;2629;65,1;2;229;7509;3;97;2043;3729;402;407;279;418;231;;;;;;;;;;;;;;;;;;;27,2;49,7;5,4;5,4;3,7;5,6;3,1;;;;;;;;;;;;;;;;;;;87;7651;1,1;98,9;2181;3310;328;394;179;185;61;21;10;9;36;929;4;4;;;;;;;;;;;;28,5;43,3;4,3;5,1;2,3;2,4;0,8;0,3;0,1;0,1;0,5;12,1;0,1;0,1;;;;;;;;;;;;;;19;19;13.03.2016 20:32:25
0001330000000;Bad Kreuznach, Landkreis;120403;92524;27871;8;86476;26759;71,8;2;1905;84571;2,2;97,8;32756;31917;3815;4520;2694;3661;;;;;1147;4061;;;;;;;;;;;;;;38,7;37,7;4,5;5,3;3,2;4,3;;;;;1,4;4,8;;;;;;;;;;;;;;1150;85326;1,3;98,7;33152;28230;3689;5092;2158;1646;427;308;124;194;446;9704;61;95;;;;;;;;;;;;38,9;33,1;4,3;6;2,5;1,9;0,5;0,4;0,1;0,2;0,5;11,4;0,1;0,1;;;;;;;;;;;;;;176;176;17.03.2016 15:46:39
0001330100000;Bad Kreuznach, VG;7201;5624;1577;0;5596;1523;77,7;2;107;5489;1,9;98,1;2126;2386;160;255;134;290;;;;;138;;;;;;;;;;;;;;;38,7;43,5;2,9;4,6;2,4;5,3;;;;;2,5;;;;;;;;;;;;;;;59;5537;1,1;98,9;2052;1985;223;372;96;128;23;22;10;12;39;573;1;1;;;;;;;;;;;;37,1;35,8;4;6,7;1,7;2,3;0,4;0,4;0,2;0,2;0,7;10,3;0;0;;;;;;;;;;;;;;9;9;17.03.2016 15:46:39
0001330200000;Bad Münster am Stein Ebernburg, VG;5934;4293;1641;0;4757;1593;80,2;2;111;4646;2,3;97,7;1794;1941;189;262;143;235;;;;;82;;;;;;;;;;;;;;;38,6;41,8;4,1;5,6;3,1;5,1;;;;;1,8;;;;;;;;;;;;;;;41;4716;0,9;99,1;1874;1558;188;303;99;92;22;10;7;11;27;521;2;2;;;;;;;;;;;;39,7;33;4;6,4;2,1;2;0,5;0,2;0,1;0,2;0,6;11;0;0;;;;;;;;;;;;;;9;9;13.03.2016 20:09:53
0001330300000;Kirn-Land, VG;7932;6457;1475;0;6099;1419;76,9;2;106;5993;1,7;98,3;2772;1591;184;395;167;212;;;;;;672;;;;;;;;;;;;;;46,3;26,5;3,1;6,6;2,8;3,5;;;;;;11,2;;;;;;;;;;;;;;83;6016;1,4;98,6;2802;1633;183;276;147;124;23;34;10;11;12;742;9;10;;;;;;;;;;;;46,6;27,1;3;4,6;2,4;2,1;0,4;0,6;0,2;0,2;0,2;12,3;0,1;0,2;;;;;;;;;;;;;;22;22;14.03.2016 11:45:31
0001330400000;Langenlonsheim, VG;10511;7424;3087;0;7982;2977;75,9;2;181;7801;2,3;97,7;2617;3662;363;364;224;396;;;;;175;;;;;;;;;;;;;;;33,5;46,9;4,7;4,7;2,9;5,1;;;;;2,2;;;;;;;;;;;;;;;96;7886;1,2;98,8;2747;2949;360;562;174;145;41;23;13;19;34;810;2;7;;;;;;;;;;;;34,8;37,4;4,6;7,1;2,2;1,8;0,5;0,3;0,2;0,2;0,4;10,3;0;0,1;;;;;;;;;;;;;;8;8;14.03.2016 14:09:18
0001330500000;Meisenheim, VG;6410;4898;1511;1;4613;1451;72;2;95;4518;2,1;97,9;2056;1235;195;240;102;115;;;;;;575;;;;;;;;;;;;;;45,5;27,3;4,3;5,3;2,3;2,5;;;;;;12,7;;;;;;;;;;;;;;70;4543;1,5;98,5;2024;1197;174;255;96;66;27;19;4;10;16;648;5;2;;;;;;;;;;;;44,6;26,3;3,8;5,6;2,1;1,5;0,6;0,4;0,1;0,2;0,4;14,3;0,1;0;;;;;;;;;;;;;;19;19;14.03.2016 11:10:40
0001330600000;Rüdesheim, VG;19839;15089;4749;1;15727;4578;79,3;2;341;15386;2,2;97,8;5581;6069;750;768;292;541;;;;;;1385;;;;;;;;;;;;;;36,3;39,4;4,9;5;1,9;3,5;;;;;;9;;;;;;;;;;;;;;222;15505;1,4;98,6;5731;5964;613;791;248;341;63;49;27;37;71;1551;10;9;;;;;;;;;;;;37;38,5;4;5,1;1,6;2,2;0,4;0,3;0,2;0,2;0,5;10;0,1;0,1;;;;;;;;;;;;;;27;27;15.03.2016 11:48:39
0001330700000;Bad Sobernheim, VG;13750;10186;3564;0;10304;3331;74,9;2;217;10087;2,1;97,9;4434;2970;646;504;220;329;;;;;;984;;;;;;;;;;;;;;44;29,4;6,4;5;2,2;3,3;;;;;;9,8;;;;;;;;;;;;;;155;10149;1,5;98,5;4329;3043;465;517;208;224;62;43;19;20;41;1161;12;5;;;;;;;;;;;;42,7;30;4,6;5,1;2;2,2;0,6;0,4;0,2;0,2;0,4;11,4;0,1;0;;;;;;;;;;;;;;27;27;14.03.2016 12:23:19
0001330800000;Stromberg, VG;7391;5739;1652;0;5677;1608;76,8;2;149;5528;2,6;97,4;1879;2410;261;286;235;310;;;;;147;;;;;;;;;;;;;;;34;43,6;4,7;5,2;4,3;5,6;;;;;2,7;;;;;;;;;;;;;;;96;5581;1,7;98,3;1932;1929;266;351;166;118;36;25;9;15;32;693;7;2;;;;;;;;;;;;34,6;34,6;4,8;6,3;3;2,1;0,6;0,4;0,2;0,3;0,6;12,4;0,1;0;;;;;;;;;;;;;;12;12;13.03.2016 21:05:43
0001340000000;Birkenfeld, Landkreis;65000;53311;11687;2;43223;11100;66,5;2;1140;42083;2,6;97,4;16277;12212;2754;3084;1345;1195;;;;;;4588;;;628;;;;;;;;;;;38,7;29;6,5;7,3;3,2;2,8;;;;;;10,9;;;1,5;;;;;;;;;;;702;42521;1,6;98,4;16673;13355;1514;2604;1246;775;267;231;79;88;159;5430;32;68;;;;;;;;;;;;39,2;31,4;3,6;6,1;2,9;1,8;0,6;0,5;0,2;0,2;0,4;12,8;0,1;0,2;;;;;;;;;;;;;;147;147;16.03.2016 09:37:26
0001340100000;Baumholder, VG;7267;5974;1292;1;5016;1238;69;2;247;4769;4,9;95,1;2034;1357;180;252;124;243;;;;;;486;;;93;;;;;;;;;;;42,7;28,5;3,8;5,3;2,6;5,1;;;;;;10,2;;;2;;;;;;;;;;;130;4886;2,6;97,4;1987;1578;125;205;106;170;28;25;12;10;25;605;1;9;;;;;;;;;;;;40,7;32,3;2,6;4,2;2,2;3,5;0,6;0,5;0,2;0,2;0,5;12,4;0;0,2;;;;;;;;;;;;;;19;19;15.03.2016 14:43:13
0001340200000;Birkenfeld, VG;15123;12256;2867;0;10232;2708;67,7;2;323;9909;3,2;96,8;4292;2599;539;577;356;378;;;;;;977;;;191;;;;;;;;;;;43,3;26,2;5,4;5,8;3,6;3,8;;;;;;9,9;;;1,9;;;;;;;;;;;213;10019;2,1;97,9;4033;2939;384;556;338;249;79;63;22;25;41;1265;12;13;;;;;;;;;;;;40,3;29,3;3,8;5,5;3,4;2,5;0,8;0,6;0,2;0,2;0,4;12,6;0,1;0,1;;;;;;;;;;;;;;41;41;16.03.2016 09:37:26
0001340300000;Herrstein, VG;13132;10965;2166;1;9474;2109;72,1;2;186;9288;2;98;3414;2870;647;841;239;204;;;;;;955;;;118;;;;;;;;;;;36,8;30,9;7;9,1;2,6;2,2;;;;;;10,3;;;1,3;;;;;;;;;;;104;9370;1,1;98,9;3636;3111;333;643;237;125;52;63;12;16;28;1102;2;10;;;;;;;;;;;;38,8;33,2;3,6;6,9;2,5;1,3;0,6;0,7;0,1;0,2;0,3;11,8;0;0,1;;;;;;;;;;;;;;34;34;14.03.2016 10:02:13
0001340400000;Rhaunen, VG;5851;4899;952;0;3974;862;67,9;2;94;3880;2,4;97,6;1544;1223;174;283;110;93;;;;;;424;;;29;;;;;;;;;;;39,8;31,5;4,5;7,3;2,8;2,4;;;;;;10,9;;;0,7;;;;;;;;;;;59;3915;1,5;98,5;1565;1282;116;262;89;64;17;12;13;10;17;455;3;10;;;;;;;;;;;;40;32,7;3;6,7;2,3;1,6;0,4;0,3;0,3;0,3;0,4;11,6;0,1;0,3;;;;;;;;;;;;;;17;17;13.03.2016 20:06:36
0001350000000;Cochem-Zell, Landkreis;49138;40147;8989;2;34955;6630;71,1;2;850;34105;2,4;97,6;10350;16676;1693;2401;;;;;;;;2985;;;;;;;;;;;;;;30,3;48,9;5;7;;;;;;;;8,8;;;;;;;;;;;;;;515;34440;1,5;98,5;10806;14996;1208;2429;735;416;184;141;46;78;112;3255;7;27;;;;;;;;;;;;31,4;43,5;3,5;7,1;2,1;1,2;0,5;0,4;0,1;0,2;0,3;9,5;0;0,1;;;;;;;;;;;;;;108;108;16.03.2016 15:39:45
0001350100000;Cochem, VG;15633;12472;3161;0;11522;3005;73,7;2;270;11252;2,3;97,7;3277;5855;547;748;;;;;;;;825;;;;;;;;;;;;;;29,1;52;4,9;6,6;;;;;;;;7,3;;;;;;;;;;;;;;153;11369;1,3;98,7;3555;5099;406;867;201;147;50;34;19;30;44;910;3;4;;;;;;;;;;;;31,3;44,9;3,6;7,6;1,8;1,3;0,4;0,3;0,2;0,3;0,4;8;0;0;;;;;;;;;;;;;;30;30;14.03.2016 15:20:55
0001350200000;Kaisersesch, VG;12407;10034;2373;0;8836;2283;71,2;2;186;8650;2,1;97,9;2978;3905;485;485;;;;;;;;797;;;;;;;;;;;;;;34,4;45,1;5,6;5,6;;;;;;;;9,2;;;;;;;;;;;;;;106;8730;1,2;98,8;2968;3604;344;480;242;100;59;42;11;21;25;827;2;5;;;;;;;;;;;;34;41,3;3,9;5,5;2,8;1,1;0,7;0,5;0,1;0,2;0,3;9,5;0;0,1;;;;;;;;;;;;;;27;27;15.03.2016 08:48:08
0001350300000;Ulmen, VG;8682;7298;1384;0;6036;1342;69,5;2;144;5892;2,4;97,6;1485;3236;224;386;;;;;;;;561;;;;;;;;;;;;;;25,2;54,9;3,8;6,6;;;;;;;;9,5;;;;;;;;;;;;;;86;5950;1,4;98,6;1577;2867;179;429;116;61;40;29;7;11;17;611;0;6;;;;;;;;;;;;26,5;48,2;3;7,2;1,9;1;0,7;0,5;0,1;0,2;0,3;10,3;0;0,1;;;;;;;;;;;;;;22;22;13.03.2016 19:26:01
0001350500000;Zell (Mosel), VG;12416;10343;2071;2;8561;0;69;2;250;8311;2,9;97,1;2610;3680;437;782;;;;;;;;802;;;;;;;;;;;;;;31,4;44,3;5,3;9,4;;;;;;;;9,6;;;;;;;;;;;;;;170;8391;2;98;2706;3426;279;653;176;108;35;36;9;16;26;907;2;12;;;;;;;;;;;;32,2;40,8;3,3;7,8;2,1;1,3;0,4;0,4;0,1;0,2;0,3;10,8;0;0,1;;;;;;;;;;;;;;29;29;16.03.2016 15:39:45
0001370000000;Mayen-Koblenz, Landkreis;166249;129191;37055;3;114326;35552;68,8;2;2695;111631;2,4;97,6;37974;45692;6862;6742;;7130;;;;;;7231;;;;;;;;;;;;;;34;40,9;6,1;6;;6,4;;;;;;6,5;;;;;;;;;;;;;;1381;112945;1,2;98,8;39574;41843;5088;6839;2808;2431;766;428;156;340;401;12046;47;178;;;;;;;;;;;;35;37;4,5;6,1;2,5;2,2;0,7;0,4;0,1;0,3;0,4;10,7;0;0,2;;;;;;;;;;;;;;228;228;16.03.2016 13:53:43
0001370100000;Pellenz, VG;12867;9989;2878;0;8791;2757;68,3;2;162;8629;1,8;98,2;3245;3302;453;366;;293;;;;;;970;;;;;;;;;;;;;;37,6;38,3;5,2;4,2;;3,4;;;;;;11,2;;;;;;;;;;;;;;112;8679;1,3;98,7;3349;2971;380;431;208;166;44;46;14;17;37;1001;5;10;;;;;;;;;;;;38,6;34,2;4,4;5;2,4;1,9;0,5;0,5;0,2;0,2;0,4;11,5;0,1;0,1;;;;;;;;;;;;;;18;18;13.03.2016 20:49:19
0001370200000;Maifeld, VG;19361;15168;4190;3;13437;4001;69,4;2;462;12975;3,4;96,6;4633;5389;832;884;;1237;;;;;;;;;;;;;;;;;;;;35,7;41,5;6,4;6,8;;9,5;;;;;;;;;;;;;;;;;;;;181;13256;1,3;98,7;4614;4965;596;743;338;254;100;50;16;110;62;1380;7;21;;;;;;;;;;;;34,8;37,5;4,5;5,6;2,5;1,9;0,8;0,4;0,1;0,8;0,5;10,4;0,1;0,2;;;;;;;;;;;;;;38;38;16.03.2016 07:29:15
0001370300000;Vordereifel, VG;13374;11083;2291;0;9878;2180;73,9;2;300;9578;3;97;3103;4553;586;691;;645;;;;;;;;;;;;;;;;;;;;32,4;47,5;6,1;7,2;;6,7;;;;;;;;;;;;;;;;;;;;114;9764;1,2;98,8;3200;4234;397;546;195;136;81;34;12;30;34;856;3;6;;;;;;;;;;;;32,8;43,4;4,1;5,6;2;1,4;0,8;0,3;0,1;0,3;0,3;8,8;0;0,1;;;;;;;;;;;;;;31;31;15.03.2016 08:23:15
0001370400000;Mendig, VG;10781;8417;2364;0;7522;2277;69,8;2;103;7419;1,4;98,6;2472;2943;527;503;;220;;;;;;754;;;;;;;;;;;;;;33,3;39,7;7,1;6,8;;3;;;;;;10,2;;;;;;;;;;;;;;72;7450;1;99;2624;2838;365;417;165;110;54;21;10;17;17;791;3;18;;;;;;;;;;;;35,2;38,1;4,9;5,6;2,2;1,5;0,7;0,3;0,1;0,2;0,2;10,6;0;0,2;;;;;;;;;;;;;;10;10;15.03.2016 13:47:12
0001370700000;Vallendar, VG;11965;8627;3338;0;8965;3199;74,9;2;110;8855;1,2;98,8;2960;3552;471;548;;677;;;;;;647;;;;;;;;;;;;;;33,4;40,1;5,3;6,2;;7,6;;;;;;7,3;;;;;;;;;;;;;;86;8879;1;99;3030;3515;426;646;147;273;53;20;7;19;20;718;2;3;;;;;;;;;;;;34,1;39,6;4,8;7,3;1,7;3,1;0,6;0,2;0,1;0,2;0,2;8,1;0;0;;;;;;;;;;;;;;13;13;15.03.2016 08:12:27
0001370800000;Weißenthurm, VG;26013;20281;5732;0;17198;5527;66,1;2;348;16850;2;98;5051;7374;839;819;;760;;;;;;2007;;;;;;;;;;;;;;30;43,8;5;4,9;;4,5;;;;;;11,9;;;;;;;;;;;;;;245;16953;1,4;98,6;5756;6367;620;932;423;425;124;69;23;34;48;2080;11;41;;;;;;;;;;;;34;37,6;3,7;5,5;2,5;2,5;0,7;0,4;0,1;0,2;0,3;12,3;0,1;0,2;;;;;;;;;;;;;;21;21;15.03.2016 16:34:07
0001370900000;Rhein-Mosel, VG;21641;15835;5806;0;16745;5616;77,4;2;398;16347;2,4;97,6;4933;7767;989;1029;;1629;;;;;;;;;;;;;;;;;;;;30,2;47,5;6,1;6,3;;10;;;;;;;;;;;;;;;;;;;;149;16596;0,9;99,1;5581;6765;776;1100;294;460;92;42;15;34;48;1364;5;20;;;;;;;;;;;;33,6;40,8;4,7;6,6;1,8;2,8;0,6;0,3;0,1;0,2;0,3;8,2;0;0,1;;;;;;;;;;;;;;27;27;16.03.2016 10:15:53
0001380000000;Neuwied, Landkreis;137667;107740;29925;2;91836;28535;66,7;2;1561;90275;1,7;98,3;31034;32528;4837;5461;2804;3633;;;;;;9978;;;;;;;;;;;;;;34,4;36;5,4;6;3,1;4;;;;;;11,1;;;;;;;;;;;;;;1238;90598;1,3;98,7;32038;31303;4362;5411;2482;1958;624;394;150;212;455;11041;33;135;;;;;;;;;;;;35,4;34,6;4,8;6;2,7;2,2;0,7;0,4;0,2;0,2;0,5;12,2;0;0,1;;;;;;;;;;;;;;189;189;16.03.2016 09:37:48
0001380100000;Asbach, VG;17139;13233;3904;2;11816;3698;68,9;2;160;11656;1,4;98,6;2660;5258;844;707;280;655;;;;;;1252;;;;;;;;;;;;;;22,8;45,1;7,2;6,1;2,4;5,6;;;;;;10,7;;;;;;;;;;;;;;134;11682;1,1;98,9;3156;4877;637;728;262;344;78;49;14;34;53;1439;5;6;;;;;;;;;;;;27;41,7;5,5;6,2;2,2;2,9;0,7;0,4;0,1;0,3;0,5;12,3;0;0,1;;;;;;;;;;;;;;32;32;14.03.2016 16:11:56
0001380200000;Bad Hönningen, VG;8941;6414;2527;0;6257;2386;70;2;133;6124;2,1;97,9;2254;2388;267;323;150;143;;;;;;599;;;;;;;;;;;;;;36,8;39;4,4;5,3;2,4;2,3;;;;;;9,8;;;;;;;;;;;;;;110;6147;1,8;98,2;2427;2178;231;304;124;93;44;33;10;14;31;650;3;5;;;;;;;;;;;;39,5;35,4;3,8;4,9;2;1,5;0,7;0,5;0,2;0,2;0,5;10,6;0;0,1;;;;;;;;;;;;;;11;11;14.03.2016 14:00:23
0001380300000;Dierdorf, VG;8143;6317;1826;0;5584;1747;68,6;2;97;5487;1,7;98,3;1835;1909;216;393;191;217;;;;;;726;;;;;;;;;;;;;;33,4;34,8;3,9;7,2;3,5;4;;;;;;13,2;;;;;;;;;;;;;;91;5493;1,6;98,4;1809;1876;209;401;163;107;35;53;19;13;29;752;3;24;;;;;;;;;;;;32,9;34,2;3,8;7,3;3;1,9;0,6;1;0,3;0,2;0,5;13,7;0,1;0,4;;;;;;;;;;;;;;13;13;15.03.2016 16:05:19
0001380400000;Linz am Rhein, VG;14248;10236;4012;0;9894;3812;69,4;2;148;9746;1,5;98,5;2607;4321;490;812;245;404;;;;;;867;;;;;;;;;;;;;;26,7;44,3;5;8,3;2,5;4,1;;;;;;8,9;;;;;;;;;;;;;;112;9782;1,1;98,9;2978;3973;518;653;220;243;63;40;15;19;64;987;4;5;;;;;;;;;;;;30,4;40,6;5,3;6,7;2,2;2,5;0,6;0,4;0,2;0,2;0,7;10,1;0;0,1;;;;;;;;;;;;;;14;14;16.03.2016 09:37:48
0001380500000;Puderbach, VG;11327;9112;2215;0;7537;2110;66,5;2;103;7434;1,4;98,6;2545;2089;328;332;333;816;;;;;;991;;;;;;;;;;;;;;34,2;28,1;4,4;4,5;4,5;11;;;;;;13,3;;;;;;;;;;;;;;95;7442;1,3;98,7;2759;2135;280;387;268;353;47;38;23;21;43;1077;4;7;;;;;;;;;;;;37,1;28,7;3,8;5,2;3,6;4,7;0,6;0,5;0,3;0,3;0,6;14,5;0,1;0,1;;;;;;;;;;;;;;17;17;15.03.2016 12:26:19
0001380600000;Rengsdorf, VG;12939;10145;2794;0;9268;2679;71,6;2;158;9110;1,7;98,3;3848;2793;440;608;244;258;;;;;;919;;;;;;;;;;;;;;42,2;30,7;4,8;6,7;2,7;2,8;;;;;;10,1;;;;;;;;;;;;;;100;9168;1,1;98,9;3513;2959;414;645;220;159;53;37;18;26;42;1057;1;24;;;;;;;;;;;;38,3;32,3;4,5;7;2,4;1,7;0,6;0,4;0,2;0,3;0,5;11,5;0;0,3;;;;;;;;;;;;;;16;16;15.03.2016 12:03:03
0001380700000;Unkel, VG;9692;7391;2301;0;6959;2215;71,8;2;95;6864;1,4;98,6;2165;2693;511;564;171;193;;;;;;567;;;;;;;;;;;;;;31,5;39,2;7,4;8,2;2,5;2,8;;;;;;8,3;;;;;;;;;;;;;;88;6871;1,3;98,7;2388;2454;499;519;150;96;52;14;5;15;47;627;4;1;;;;;;;;;;;;34,8;35,7;7,3;7,6;2,2;1,4;0,8;0,2;0,1;0,2;0,7;9,1;0,1;0;;;;;;;;;;;;;;16;16;15.03.2016 10:23:34
0001380800000;Waldbreitbach, VG;7213;5684;1529;0;4940;1443;68,5;2;112;4828;2,3;97,7;1330;2161;272;250;148;211;;;;;;456;;;;;;;;;;;;;;27,5;44,8;5,6;5,2;3,1;4,4;;;;;;9,4;;;;;;;;;;;;;;78;4862;1,6;98,4;1470;2035;239;252;145;124;34;16;6;12;18;502;1;8;;;;;;;;;;;;30,2;41,9;4,9;5,2;3;2,6;0,7;0,3;0,1;0,2;0,4;10,3;0;0,2;;;;;;;;;;;;;;6;6;15.03.2016 17:12:17
0001400000000;Rhein-Hunsrück-Kreis, Landkreis;80849;64781;16067;1;58248;15509;72;2;1448;56800;2,5;97,5;20356;22260;2459;4542;1994;666;;;;144;;4335;;;;44;;;;;;;;;;35,8;39,2;4,3;8;3,5;1,2;;;;0,3;;7,6;;;;0,1;;;;;;;;;;845;57403;1,5;98,5;21237;20500;2031;4065;1460;947;319;260;73;238;179;5955;42;97;;;;;;;;;;;;37;35,7;3,5;7,1;2,5;1,6;0,6;0,5;0,1;0,4;0,3;10,4;0,1;0,2;;;;;;;;;;;;;;194;194;15.03.2016 10:59:13
0001400200000;Emmelshausen, VG;11554;8910;2644;0;8723;2567;75,5;2;203;8520;2,3;97,7;2617;3872;414;542;271;;;;;;;804;;;;;;;;;;;;;;30,7;45,4;4,9;6,4;3,2;;;;;;;9,4;;;;;;;;;;;;;;109;8614;1,2;98,8;2712;3590;343;563;224;166;37;31;4;15;28;885;7;9;;;;;;;;;;;;31,5;41,7;4;6,5;2,6;1,9;0,4;0,4;0;0,2;0,3;10,3;0,1;0,1;;;;;;;;;;;;;;27;27;14.03.2016 10:43:17
0001400300000;Kastellaun, VG;12620;10288;2332;0;8989;2275;71,2;2;223;8766;2,5;97,5;3112;3477;365;670;298;;;;;;;844;;;;;;;;;;;;;;35,5;39,7;4,2;7,6;3,4;;;;;;;9,6;;;;;;;;;;;;;;131;8858;1,5;98,5;3290;3222;298;636;214;130;62;53;10;29;20;882;6;6;;;;;;;;;;;;37,1;36,4;3,4;7,2;2,4;1,5;0,7;0,6;0,1;0,3;0,2;10;0,1;0,1;;;;;;;;;;;;;;38;38;15.03.2016 10:59:13
0001400400000;Kirchberg (Hunsrück), VG;15374;13251;2123;0;10415;2038;67,7;2;414;10001;4;96;4016;3223;381;1033;494;666;;;;144;;;;;;44;;;;;;;;;;40,2;32,2;3,8;10,3;4,9;6,7;;;;1,4;;;;;;0,4;;;;;;;;;;192;10223;1,8;98,2;4096;2969;305;830;253;193;78;51;14;59;39;1280;11;45;;;;;;;;;;;;40,1;29;3;8,1;2,5;1,9;0,8;0,5;0,1;0,6;0,4;12,5;0,1;0,4;;;;;;;;;;;;;;45;45;15.03.2016 10:06:22
0001400500000;Rheinböllen, VG;7867;6285;1582;0;5944;1534;75,6;2;129;5815;2,2;97,8;1787;2507;217;535;170;;;;;;;599;;;;;;;;;;;;;;30,7;43,1;3,7;9,2;2,9;;;;;;;10,3;;;;;;;;;;;;;;103;5841;1,7;98,3;2069;2135;182;435;135;113;32;34;12;24;23;637;3;7;;;;;;;;;;;;35,4;36,6;3,1;7,4;2,3;1,9;0,5;0,6;0,2;0,4;0,4;10,9;0,1;0,1;;;;;;;;;;;;;;16;16;15.03.2016 09:01:13
0001400600000;Sankt Goar-Oberwesel, VG;7181;5182;1999;0;5653;1933;78,7;2;96;5557;1,7;98,3;1690;2772;210;339;107;;;;;;;439;;;;;;;;;;;;;;30,4;49,9;3,8;6,1;1,9;;;;;;;7,9;;;;;;;;;;;;;;64;5589;1,1;98,9;1887;2436;167;347;90;64;23;15;4;43;18;493;2;0;;;;;;;;;;;;33,8;43,6;3;6,2;1,6;1,1;0,4;0,3;0,1;0,8;0,3;8,8;0;0;;;;;;;;;;;;;;15;15;13.03.2016 19:58:34
0001400700000;Simmern (Hunsrück), VG;14025;11718;2307;0;9903;2205;70,6;2;222;9681;2,2;97,8;3651;3221;452;981;406;;;;;;;970;;;;;;;;;;;;;;37,7;33,3;4,7;10,1;4,2;;;;;;;10;;;;;;;;;;;;;;128;9775;1,3;98,7;3930;3016;350;764;317;154;45;51;24;36;23;1035;6;24;;;;;;;;;;;;40,2;30,9;3,6;7,8;3,2;1,6;0,5;0,5;0,2;0,4;0,2;10,6;0,1;0,2;;;;;;;;;;;;;;36;36;15.03.2016 08:47:17
0001410000000;Rhein-Lahn-Kreis, Landkreis;95786;74914;20871;1;66968;20160;69,9;2;1376;65592;2,1;97,9;28271;19464;2808;3314;2058;4820;;;;;909;3948;;;;;;;;;;;;;;43,1;29,7;4,3;5,1;3,1;7,3;;;;;1,4;6;;;;;;;;;;;;;;923;66045;1,4;98,6;26522;19611;2864;3753;1627;2468;479;278;87;191;423;7574;49;119;;;;;;;;;;;;40,2;29,7;4,3;5,7;2,5;3,7;0,7;0,4;0,1;0,3;0,6;11,5;0,1;0,2;;;;;;;;;;;;;;184;184;14.03.2016 15:33:45
0001410100000;Bad Ems, VG;12671;9761;2909;1;8396;2781;66,3;2;200;8196;2,4;97,6;3828;2176;377;493;348;657;;;;;317;;;;;;;;;;;;;;;46,7;26,5;4,6;6;4,2;8;;;;;3,9;;;;;;;;;;;;;;;106;8290;1,3;98,7;3332;2413;341;458;215;242;72;40;16;30;98;975;6;52;;;;;;;;;;;;40,2;29,1;4,1;5,5;2,6;2,9;0,9;0,5;0,2;0,4;1,2;11,8;0,1;0,6;;;;;;;;;;;;;;14;14;14.03.2016 09:36:15
0001410300000;Diez, VG;19194;15704;3490;0;12636;3344;65,8;2;245;12391;1,9;98,1;4468;3847;645;772;357;705;;;;;;1597;;;;;;;;;;;;;;36,1;31;5,2;6,2;2,9;5,7;;;;;;12,9;;;;;;;;;;;;;;179;12457;1,4;98,6;4750;3421;619;865;325;397;78;65;15;30;57;1814;9;12;;;;;;;;;;;;38,1;27,5;5;6,9;2,6;3,2;0,6;0,5;0,1;0,2;0,5;14,6;0,1;0,1;;;;;;;;;;;;;;33;33;14.03.2016 11:43:36
0001410400000;Hahnstätten, VG;7271;5786;1485;0;5027;1425;69,1;2;93;4934;1,9;98,1;2017;1413;357;197;132;340;;;;;;478;;;;;;;;;;;;;;40,9;28,6;7,2;4;2,7;6,9;;;;;;9,7;;;;;;;;;;;;;;61;4966;1,2;98,8;2073;1293;291;245;127;207;33;23;8;9;23;628;4;2;;;;;;;;;;;;41,7;26;5,9;4,9;2,6;4,2;0,7;0,5;0,2;0,2;0,5;12,6;0,1;0;;;;;;;;;;;;;;10;10;14.03.2016 10:33:01
0001410500000;Katzenelnbogen, VG;7326;6236;1090;0;5319;1050;72,6;2;85;5234;1,6;98,4;2682;1268;210;155;178;275;;;;;;466;;;;;;;;;;;;;;51,2;24,2;4;3;3,4;5,3;;;;;;8,9;;;;;;;;;;;;;;81;5238;1,5;98,5;2308;1395;254;238;127;196;40;26;4;14;14;613;5;4;;;;;;;;;;;;44,1;26,6;4,8;4,5;2,4;3,7;0,8;0,5;0,1;0,3;0,3;11,7;0,1;0,1;;;;;;;;;;;;;;22;22;14.03.2016 15:33:45
0001410600000;Nassau, VG;9074;7039;2035;0;6152;1931;67,8;2;105;6047;1,7;98,3;2257;2149;258;309;152;371;;;;;;551;;;;;;;;;;;;;;37,3;35,5;4,3;5,1;2,5;6,1;;;;;;9,1;;;;;;;;;;;;;;75;6077;1,2;98,8;2364;1953;233;377;135;221;39;26;11;12;25;665;4;12;;;;;;;;;;;;38,9;32,1;3,8;6,2;2,2;3,6;0,6;0,4;0,2;0,2;0,4;10,9;0,1;0,2;;;;;;;;;;;;;;22;22;14.03.2016 13:45:27
0001410700000;Nastätten, VG;12845;10259;2586;0;9576;2516;74,6;2;204;9372;2,1;97,9;3744;3120;369;411;274;598;;;;;;856;;;;;;;;;;;;;;39,9;33,3;3,9;4,4;2,9;6,4;;;;;;9,1;;;;;;;;;;;;;;161;9415;1,7;98,3;3671;2931;380;519;232;406;77;37;17;26;67;1037;6;9;;;;;;;;;;;;39;31,1;4;5,5;2,5;4,3;0,8;0,4;0,2;0,3;0,7;11;0,1;0,1;;;;;;;;;;;;;;35;35;14.03.2016 10:54:05
0001410900000;Loreley, VG;13296;9637;3659;0;10341;3580;77,8;2;226;10115;2,2;97,8;5300;3022;229;398;249;638;;;;;279;;;;;;;;;;;;;;;52,4;29,9;2,3;3,9;2,5;6,3;;;;;2,8;;;;;;;;;;;;;;;152;10189;1,5;98,5;4445;3338;329;501;209;370;79;26;7;33;64;776;9;3;;;;;;;;;;;;43,6;32,8;3,2;4,9;2,1;3,6;0,8;0,3;0,1;0,3;0,6;7,6;0,1;0;;;;;;;;;;;;;;30;30;13.03.2016 19:50:55
0001430000000;Westerwaldkreis, Landkreis;153572;118610;34957;5;107924;33560;70,3;2;4111;103813;3,8;96,2;37882;43261;5674;8897;4965;400;;;;;1988;746;;;;;;;;;;;;;;36,5;41,7;5,5;8,6;4,8;0,4;;;;;1,9;0,7;;;;;;;;;;;;;;1406;106518;1,3;98,7;35577;38901;4581;6874;2747;2190;768;495;173;255;663;13029;104;161;;;;;;;;;;;;33,4;36,5;4,3;6,5;2,6;2,1;0,7;0,5;0,2;0,2;0,6;12,2;0,1;0,2;;;;;;;;;;;;;;260;260;15.03.2016 10:49:25
0001430100000;Bad Marienberg, VG;14866;12353;2513;0;9715;2403;65,4;2;386;9329;4;96;4398;2710;434;789;472;;;;;;526;;;;;;;;;;;;;;;47,1;29;4,7;8,5;5,1;;;;;;5,6;;;;;;;;;;;;;;;149;9566;1,5;98,5;3877;2633;345;615;251;149;62;61;15;28;106;1368;13;43;;;;;;;;;;;;40,5;27,5;3,6;6,4;2,6;1,6;0,6;0,6;0,2;0,3;1,1;14,3;0,1;0,4;;;;;;;;;;;;;;24;24;14.03.2016 14:47:52
0001430200000;Hachenburg, VG;18989;14936;4053;0;13612;3836;71,7;2;457;13155;3,4;96,6;6770;3795;646;874;531;;;;;;539;;;;;;;;;;;;;;;51,5;28,8;4,9;6,6;4;;;;;;4,1;;;;;;;;;;;;;;;184;13428;1,4;98,6;5678;3910;667;813;315;171;111;56;18;32;114;1529;11;3;;;;;;;;;;;;42,3;29,1;5;6,1;2,3;1,3;0,8;0,4;0,1;0,2;0,8;11,4;0,1;0;;;;;;;;;;;;;;37;37;15.03.2016 10:27:13
0001430300000;Höhr-Grenzhausen, VG;9937;7620;2317;0;6788;2207;68,3;2;128;6660;1,9;98,1;2213;2428;487;386;;400;;;;;;746;;;;;;;;;;;;;;33,2;36,5;7,3;5,8;;6;;;;;;11,2;;;;;;;;;;;;;;94;6694;1,4;98,6;2296;2274;343;454;208;189;50;44;9;31;20;746;5;25;;;;;;;;;;;;34,3;34;5,1;6,8;3,1;2,8;0,7;0,7;0,1;0,5;0,3;11,1;0,1;0,4;;;;;;;;;;;;;;14;14;15.03.2016 10:49:25
0001430400000;Montabaur, VG;30616;23094;7517;5;22821;7226;74,5;2;838;21983;3,7;96,3;6694;10951;1299;1967;1072;;;;;;;;;;;;;;;;;;;;;30,5;49,8;5,9;8,9;4,9;;;;;;;;;;;;;;;;;;;;;280;22541;1,2;98,8;6959;9025;1123;1625;567;471;171;74;28;51;108;2295;20;24;;;;;;;;;;;;30,9;40;5;7,2;2,5;2,1;0,8;0,3;0,1;0,2;0,5;10,2;0,1;0,1;;;;;;;;;;;;;;40;40;15.03.2016 09:32:49
0001430500000;Ransbach-Baumbach, VG;10511;7769;2742;0;7243;2639;68,9;2;259;6984;3,6;96,4;2278;3018;429;790;469;;;;;;;;;;;;;;;;;;;;;32,6;43,2;6,1;11,3;6,7;;;;;;;;;;;;;;;;;;;;;81;7162;1,1;98,9;2245;2708;311;519;251;180;53;38;16;16;27;785;5;8;;;;;;;;;;;;31,3;37,8;4,3;7,2;3,5;2,5;0,7;0,5;0,2;0,2;0,4;11;0,1;0,1;;;;;;;;;;;;;;19;19;13.03.2016 19:43:40
0001430600000;Rennerod, VG;12820;10409;2411;0;8740;2332;68,2;2;533;8207;6,1;93,9;2826;3710;441;789;441;;;;;;;;;;;;;;;;;;;;;34,4;45,2;5,4;9,6;5,4;;;;;;;;;;;;;;;;;;;;;108;8632;1,2;98,8;2635;3291;294;431;169;209;63;52;23;24;48;1361;21;11;;;;;;;;;;;;30,5;38,1;3,4;5;2;2,4;0,7;0,6;0,3;0,3;0,6;15,8;0,2;0,1;;;;;;;;;;;;;;28;28;14.03.2016 12:04:52
0001430700000;Selters (Westerwald), VG;12276;9344;2932;0;8413;2814;68,5;2;374;8039;4,4;95,6;3093;2972;518;622;469;;;;;;365;;;;;;;;;;;;;;;38,5;37;6,4;7,7;5,8;;;;;;4,5;;;;;;;;;;;;;;;117;8296;1,4;98,6;2789;2848;321;462;239;224;51;41;14;18;64;1211;6;8;;;;;;;;;;;;33,6;34,3;3,9;5,6;2,9;2,7;0,6;0,5;0,2;0,2;0,8;14,6;0,1;0,1;;;;;;;;;;;;;;23;23;14.03.2016 14:41:07
0001430800000;Wallmerod, VG;11450;8748;2702;0;8435;2617;73,7;2;379;8056;4,5;95,5;2316;4024;464;813;439;;;;;;;;;;;;;;;;;;;;;28,7;50;5,8;10,1;5,4;;;;;;;;;;;;;;;;;;;;;132;8303;1,6;98,4;2170;3645;373;519;176;186;55;32;14;19;51;1054;4;5;;;;;;;;;;;;26,1;43,9;4,5;6,3;2,1;2,2;0,7;0,4;0,2;0,2;0,6;12,7;0;0,1;;;;;;;;;;;;;;22;22;15.03.2016 09:02:21
0001430900000;Westerburg, VG;17894;13921;3973;0;12366;3816;69,1;2;436;11930;3,5;96,5;4253;5175;505;911;528;;;;;;558;;;;;;;;;;;;;;;35,6;43,4;4,2;7,6;4,4;;;;;;4,7;;;;;;;;;;;;;;;162;12204;1,3;98,7;3940;4562;432;748;295;214;90;59;27;21;87;1689;17;23;;;;;;;;;;;;32,3;37,4;3,5;6,1;2,4;1,8;0,7;0,5;0,2;0,2;0,7;13,8;0,1;0,2;;;;;;;;;;;;;;35;35;14.03.2016 12:24:46
0001431000000;Wirges, VG;14213;10416;3797;0;9791;3670;68,9;2;321;9470;3,3;96,7;3041;4478;451;956;544;;;;;;;;;;;;;;;;;;;;;32,1;47,3;4,8;10,1;5,7;;;;;;;;;;;;;;;;;;;;;99;9692;1;99;2988;4005;372;688;276;197;62;38;9;15;38;991;2;11;;;;;;;;;;;;30,8;41,3;3,8;7,1;2,8;2;0,6;0,4;0,1;0,2;0,4;10,2;0;0,1;;;;;;;;;;;;;;18;18;14.03.2016 15:29:07
0002110000000;Trier, Kreisfreie Stadt;80721;62931;17782;8;52903;16959;65,5;2;718;52185;1,4;98,6;25094;13588;3195;2087;2359;650;;129;39;;419;4625;;;;;;;;;;;;;;48,1;26;6,1;4;4,5;1,2;;0,2;0,1;;0,8;8,9;;;;;;;;;;;;;;681;52222;1,3;98,7;20075;14074;5305;2926;2682;672;586;168;50;198;355;4977;12;142;;;;;;;;;;;;38,4;27;10,2;5,6;5,1;1,3;1,1;0,3;0,1;0,4;0,7;9,5;0;0,3;;;;;;;;;;;;;;80;80;16.03.2016 10:21:47
0002310000000;Bernkastel-Wittlich, Landkreis;86902;68984;17912;6;61733;17159;71;2;1448;60285;2,3;97,7;18377;23448;3018;5170;1857;3777;;;;723;;3588;;;;327;;;;;;;;;;30,5;38,9;5;8,6;3,1;6,3;;;;1,2;;6;;;;0,5;;;;;;;;;;939;60794;1,5;98,5;20210;23010;2532;4403;1601;1522;340;222;77;383;266;6131;28;69;;;;;;;;;;;;33,2;37,8;4,2;7,2;2,6;2,5;0,6;0,4;0,1;0,6;0,4;10,1;0;0,1;;;;;;;;;;;;;;175;175;14.03.2016 15:28:05
0002310100000;Bernkastel-Kues, VG;22126;16873;5250;3;16229;5083;73,3;2;476;15753;2,9;97,1;4583;6912;867;1571;558;853;;;;323;;;;;;86;;;;;;;;;;29,1;43,9;5,5;10;3,5;5,4;;;;2,1;;;;;;0,5;;;;;;;;;;257;15972;1,6;98,4;5334;6110;667;1322;406;307;107;46;16;123;80;1436;3;15;;;;;;;;;;;;33,4;38,3;4,2;8,3;2,5;1,9;0,7;0,3;0,1;0,8;0,5;9;0;0,1;;;;;;;;;;;;;;38;38;14.03.2016 15:28:05
0002310600000;Thalfang am Erbeskopf, VG;5872;5012;860;0;4441;828;75,6;2;157;4284;3,5;96,5;1917;1255;121;293;155;290;;;;31;;;;;;222;;;;;;;;;;44,7;29,3;2,8;6,8;3,6;6,8;;;;0,7;;;;;;5,2;;;;;;;;;;97;4344;2,2;97,8;1750;1341;137;270;143;102;23;13;8;18;24;509;4;2;;;;;;;;;;;;40,3;30,9;3,2;6,2;3,3;2,3;0,5;0,3;0,2;0,4;0,6;11,7;0,1;0;;;;;;;;;;;;;;24;24;14.03.2016 14:25:29
0002310800000;Wittlich-Land, VG;23303;18632;4670;1;17081;4447;73,3;2;318;16763;1,9;98,1;4551;6854;845;1325;373;1008;;;;138;;1669;;;;;;;;;;;;;;27,1;40,9;5;7,9;2,2;6;;;;0,8;;10;;;;;;;;;;;;;;204;16877;1,2;98,8;5208;7083;664;1008;355;440;80;62;34;113;67;1747;4;12;;;;;;;;;;;;30,9;42;3,9;6;2,1;2,6;0,5;0,4;0,2;0,7;0,4;10,4;0;0,1;;;;;;;;;;;;;;50;50;14.03.2016 14:57:13
0002310900000;Traben-Trarbach, VG;13741;10850;2891;0;9682;2773;70,5;2;199;9483;2,1;97,9;3221;3455;415;800;226;278;;;;129;;959;;;;;;;;;;;;;;34;36,4;4,4;8,4;2,4;2,9;;;;1,4;;10,1;;;;;;;;;;;;;;175;9507;1,8;98,2;3310;3416;380;808;230;171;55;58;5;61;42;957;6;8;;;;;;;;;;;;34,8;35,9;4;8,5;2,4;1,8;0,6;0,6;0,1;0,6;0,4;10,1;0,1;0,1;;;;;;;;;;;;;;31;31;14.03.2016 13:36:46
0002320000000;Eifelkreis Bitburg-Prüm;72631;57547;15084;0;50947;14439;70,1;2;1250;49697;2,5;97,5;18846;17212;3434;3123;1254;2083;;;;;;3745;;;;;;;;;;;;;;37,9;34,6;6,9;6,3;2,5;4,2;;;;;;7,5;;;;;;;;;;;;;;808;50139;1,6;98,4;18098;18448;2568;3126;1075;1379;297;160;42;133;216;4523;17;57;;;;;;;;;;;;36,1;36,8;5,1;6,2;2,1;2,8;0,6;0,3;0,1;0,3;0,4;9;0;0,1;;;;;;;;;;;;;;262;262;16.03.2016 15:21:41
0002320100000;Arzfeld, VG;7146;5948;1198;0;5158;1154;72,2;2;129;5029;2,5;97,5;1875;1870;369;331;122;215;;;;;;247;;;;;;;;;;;;;;37,3;37,2;7,3;6,6;2,4;4,3;;;;;;4,9;;;;;;;;;;;;;;87;5071;1,7;98,3;1761;2023;302;335;121;144;23;12;8;11;13;313;2;3;;;;;;;;;;;;34,7;39,9;6;6,6;2,4;2,8;0,5;0,2;0,2;0,2;0,3;6,2;0;0,1;;;;;;;;;;;;;;43;43;14.03.2016 12:04:01
0002320500000;Südeifel, VG;13105;10473;2632;0;9563;2506;73;2;253;9310;2,6;97,4;3422;3485;704;522;221;367;;;;;;589;;;;;;;;;;;;;;36,8;37,4;7,6;5,6;2,4;3,9;;;;;;6,3;;;;;;;;;;;;;;177;9386;1,9;98,1;3552;3413;527;596;181;233;65;25;5;21;37;720;6;5;;;;;;;;;;;;37,8;36,4;5,6;6,3;1,9;2,5;0,7;0,3;0,1;0,2;0,4;7,7;0,1;0,1;;;;;;;;;;;;;;66;66;14.03.2016 11:42:55
0002320600000;Prüm, VG;16393;12808;3585;0;11545;3447;70,4;2;327;11218;2,8;97,2;3612;4277;745;1038;238;503;;;;;;805;;;;;;;;;;;;;;32,2;38,1;6,6;9,3;2,1;4,5;;;;;;7,2;;;;;;;;;;;;;;186;11359;1,6;98,4;3705;4685;524;763;205;304;58;30;10;47;49;970;2;7;;;;;;;;;;;;32,6;41,2;4,6;6,7;1,8;2,7;0,5;0,3;0,1;0,4;0,4;8,5;0;0,1;;;;;;;;;;;;;;55;55;16.03.2016 14:33:38
0002320700000;Speicher, VG;6269;4647;1622;0;4381;1570;69,9;2;109;4272;2,5;97,5;1676;1437;206;221;127;177;;;;;;428;;;;;;;;;;;;;;39,2;33,6;4,8;5,2;3;4,1;;;;;;10;;;;;;;;;;;;;;58;4323;1,3;98,7;1582;1573;151;210;98;105;30;17;1;10;22;516;2;6;;;;;;;;;;;;36,6;36,4;3,5;4,9;2,3;2,4;0,7;0,4;0;0,2;0,5;11,9;0;0,1;;;;;;;;;;;;;;12;12;16.03.2016 14:17:33
0002320800000;Bitburger Land, VG;19293;15483;3810;0;13895;3637;72;2;319;13576;2,3;97,7;5732;4276;940;627;328;575;;;;;;1098;;;;;;;;;;;;;;42,2;31,5;6,9;4,6;2,4;4,2;;;;;;8,1;;;;;;;;;;;;;;201;13694;1,4;98,6;5218;4697;704;763;286;418;82;58;14;34;56;1350;4;10;;;;;;;;;;;;38,1;34,3;5,1;5,6;2,1;3,1;0,6;0,4;0,1;0,2;0,4;9,9;0;0,1;;;;;;;;;;;;;;73;73;16.03.2016 15:21:41
0002330000000;Vulkaneifel, Landkreis;48220;39001;9216;3;33369;8821;69,2;2;668;32701;2;98;9887;14013;1603;2528;1331;;;;;372;;2967;;;;;;;;;;;;;;30,2;42,9;4,9;7,7;4,1;;;;;1,1;;9,1;;;;;;;;;;;;;;599;32770;1,8;98,2;10171;13778;1414;2206;899;448;182;103;40;221;106;3105;18;79;;;;;;;;;;;;31;42;4,3;6,7;2,7;1,4;0,6;0,3;0,1;0,7;0,3;9,5;0,1;0,2;;;;;;;;;;;;;;151;151;16.03.2016 14:21:51
0002330100000;Daun, VG;18421;15023;3398;0;13067;3268;70,9;2;280;12787;2,1;97,9;3985;5444;562;948;577;;;;;172;;1099;;;;;;;;;;;;;;31,2;42,6;4,4;7,4;4,5;;;;;1,3;;8,6;;;;;;;;;;;;;;279;12788;2,1;97,9;4106;5415;516;853;349;134;79;48;14;96;41;1122;5;10;;;;;;;;;;;;32,1;42,3;4;6,7;2,7;1;0,6;0,4;0,1;0,8;0,3;8,8;0;0,1;;;;;;;;;;;;;;53;53;16.03.2016 14:21:51
0002330200000;Gerolstein, VG;10583;8463;2120;0;6752;2013;63,8;2;130;6622;1,9;98,1;1947;2832;403;416;290;;;;;52;;682;;;;;;;;;;;;;;29,4;42,8;6,1;6,3;4,4;;;;;0,8;;10,3;;;;;;;;;;;;;;103;6649;1,5;98,5;2064;2656;344;394;207;81;35;13;10;37;15;733;6;54;;;;;;;;;;;;31;39,9;5,2;5,9;3,1;1,2;0,5;0,2;0,2;0,6;0,2;11;0,1;0,8;;;;;;;;;;;;;;25;25;14.03.2016 13:28:12
0002330300000;Hillesheim, VG;6943;5508;1433;2;4813;1371;69,3;2;70;4743;1,5;98,5;1438;2010;282;393;175;;;;;52;;393;;;;;;;;;;;;;;30,3;42,4;5,9;8,3;3,7;;;;;1,1;;8,3;;;;;;;;;;;;;;70;4743;1,5;98,5;1432;1990;238;337;122;124;21;9;3;28;20;407;2;10;;;;;;;;;;;;30,2;42;5;7,1;2,6;2,6;0,4;0,2;0,1;0,6;0,4;8,6;0;0,2;;;;;;;;;;;;;;20;20;14.03.2016 12:53:35
0002330400000;Kelberg, VG;5782;4890;892;0;4296;861;74,3;2;95;4201;2,2;97,8;1052;2123;142;353;157;;;;;49;;325;;;;;;;;;;;;;;25;50,5;3,4;8,4;3,7;;;;;1,2;;7,7;;;;;;;;;;;;;;68;4228;1,6;98,4;1086;2084;130;324;113;41;18;13;7;28;17;361;3;3;;;;;;;;;;;;25,7;49,3;3,1;7,7;2,7;1;0,4;0,3;0,2;0,7;0,4;8,5;0,1;0,1;;;;;;;;;;;;;;37;37;15.03.2016 09:16:49
0002330500000;Obere Kyll, VG;6491;5117;1373;1;4441;1308;68,4;2;93;4348;2,1;97,9;1465;1604;214;418;132;;;;;47;;468;;;;;;;;;;;;;;33,7;36,9;4,9;9,6;3;;;;;1,1;;10,8;;;;;;;;;;;;;;79;4362;1,8;98,2;1483;1633;186;298;108;68;29;20;6;32;13;482;2;2;;;;;;;;;;;;34;37,4;4,3;6,8;2,5;1,6;0,7;0,5;0,1;0,7;0,3;11;0;0;;;;;;;;;;;;;;16;16;15.03.2016 08:57:21
0002350000000;Trier-Saarburg, Landkreis;111914;86828;25085;1;82424;23858;73,6;2;1897;80527;2,3;97,7;28275;30065;5258;4772;2527;2218;;;146;;600;6666;;;;;;;;;;;;;;35,1;37,3;6,5;5,9;3,1;2,8;;;0,2;;0,7;8,3;;;;;;;;;;;;;;1285;81139;1,6;98,4;32283;27550;3684;4095;2125;1914;494;249;173;181;670;7558;34;129;;;;;;;;;;;;39,8;34;4,5;5;2,6;2,4;0,6;0,3;0,2;0,2;0,8;9,3;0;0,2;;;;;;;;;;;;;;178;178;17.03.2016 11:58:44
0002350100000;Hermeskeil, VG;11523;9447;2076;0;8177;1983;71;2;279;7898;3,4;96,6;2870;2718;485;372;272;283;;;;;;898;;;;;;;;;;;;;;36,3;34,4;6,1;4,7;3,4;3,6;;;;;;11,4;;;;;;;;;;;;;;195;7982;2,4;97,6;3151;2599;312;352;237;153;52;30;14;15;41;1012;4;10;;;;;;;;;;;;39,5;32,6;3,9;4,4;3;1,9;0,7;0,4;0,2;0,2;0,5;12,7;0,1;0,1;;;;;;;;;;;;;;22;22;15.03.2016 14:22:02
0002350200000;Kell am See, VG;7611;6086;1524;1;5850;1471;76,9;2;139;5711;2,4;97,6;2280;2044;349;194;165;211;;;;;;468;;;;;;;;;;;;;;39,9;35,8;6,1;3,4;2,9;3,7;;;;;;8,2;;;;;;;;;;;;;;91;5759;1,6;98,4;2531;1909;221;211;140;114;35;24;10;11;33;513;2;5;;;;;;;;;;;;43,9;33,1;3,8;3,7;2,4;2;0,6;0,4;0,2;0,2;0,6;8,9;0;0,1;;;;;;;;;;;;;;13;13;14.03.2016 10:26:31
0002350300000;Konz, VG;23319;18237;5082;0;16483;4794;70,7;2;396;16087;2,4;97,6;5680;5350;1126;1017;489;1205;;;;;;1220;;;;;;;;;;;;;;35,3;33,3;7;6,3;3;7,5;;;;;;7,6;;;;;;;;;;;;;;279;16204;1,7;98,3;6442;5211;822;867;450;514;115;37;25;38;110;1525;9;39;;;;;;;;;;;;39,8;32,2;5,1;5,4;2,8;3,2;0,7;0,2;0,2;0,2;0,7;9,4;0,1;0,2;;;;;;;;;;;;;;28;28;17.03.2016 10:04:47
0002350400000;Ruwer, VG;14470;11175;3295;0;11078;3158;76,6;2;235;10843;2,1;97,9;3785;3896;736;895;380;;;;50;;218;883;;;;;;;;;;;;;;34,9;35,9;6,8;8,3;3,5;;;;0,5;;2;8,1;;;;;;;;;;;;;;158;10920;1,4;98,6;4507;3537;551;563;315;200;56;39;41;22;131;940;1;17;;;;;;;;;;;;41,3;32,4;5;5,2;2,9;1,8;0,5;0,4;0,4;0,2;1,2;8,6;0;0,2;;;;;;;;;;;;;;20;20;17.03.2016 11:26:25
0002350500000;Saarburg, VG;16515;12277;4238;0;12002;4045;72,7;2;275;11727;2,3;97,7;4213;4206;851;669;443;519;;;;;;826;;;;;;;;;;;;;;35,9;35,9;7,3;5,7;3,8;4,4;;;;;;7;;;;;;;;;;;;;;173;11829;1,4;98,6;4632;4169;553;569;333;299;77;37;14;42;95;968;9;32;;;;;;;;;;;;39,2;35,2;4,7;4,8;2,8;2,5;0,7;0,3;0,1;0,4;0,8;8,2;0,1;0,3;;;;;;;;;;;;;;35;35;17.03.2016 11:06:41
0002350600000;Schweich an der Römischen Weinstraße, VG;21921;16792;5129;0;16601;4889;75,7;2;327;16274;2;98;4985;7526;818;1004;401;;;;62;;245;1233;;;;;;;;;;;;;;30,6;46,2;5;6,2;2,5;;;;0,4;;1,5;7,6;;;;;;;;;;;;;;243;16358;1,5;98,5;6032;6318;590;1006;328;288;89;40;50;44;153;1403;4;13;;;;;;;;;;;;36,9;38,6;3,6;6,1;2;1,8;0,5;0,2;0,3;0,3;0,9;8,6;0;0,1;;;;;;;;;;;;;;26;26;17.03.2016 11:58:44
0002350700000;Trier-Land, VG;16555;12814;3741;0;12233;3518;73,9;2;246;11987;2;98;4462;4325;893;621;377;;;;34;;137;1138;;;;;;;;;;;;;;37,2;36,1;7,4;5,2;3,1;;;;0,3;;1,1;9,5;;;;;;;;;;;;;;146;12087;1,2;98,8;4988;3807;635;527;322;346;70;42;19;9;107;1197;5;13;;;;;;;;;;;;41,3;31,5;5,3;4,4;2,7;2,9;0,6;0,3;0,2;0,1;0,9;9,9;0;0,1;;;;;;;;;;;;;;34;34;16.03.2016 11:48:33
0003110000000;Frankenthal (Pfalz), Kreisfreie Stadt;33854;26826;7028;0;22392;6779;66,1;2;411;21981;1,8;98,2;6426;8689;894;993;832;;;;;;409;3738;;;;;;;;;;;;;;29,2;39,5;4,1;4,5;3,8;;;;;;1,9;17;;;;;;;;;;;;;;355;22037;1,6;98,4;6987;6851;946;1248;712;352;170;165;119;32;320;4081;22;32;;;;;;;;;;;;31,7;31,1;4,3;5,7;3,2;1,6;0,8;0,7;0,5;0,1;1,5;18,5;0,1;0,1;;;;;;;;;;;;;;52;52;15.03.2016 14:04:03
0003120000000;Kaiserslautern, Kreisfreie Stadt;72695;60498;12197;0;44772;11765;61,6;2;1635;43137;3,7;96,3;17282;11093;3051;2803;3043;3965;;;;;;1900;;;;;;;;;;;;;;40,1;25,7;7,1;6,5;7,1;9,2;;;;;;4,4;;;;;;;;;;;;;;659;44113;1,5;98,5;16750;10149;2814;2753;2109;1062;650;289;109;168;314;6601;123;222;;;;;;;;;;;;38;23;6,4;6,2;4,8;2,4;1,5;0,7;0,2;0,4;0,7;15;0,3;0,5;;;;;;;;;;;;;;87;87;16.03.2016 10:33:51
0003130000000;Landau in der Pfalz, Kreisfreie Stadt;35327;27457;7870;0;24188;7462;68,5;2;427;23761;1,8;98,2;8910;7147;2487;1333;786;;411;;;;;2687;;;;;;;;;;;;;;37,5;30,1;10,5;5,6;3,3;;1,7;;;;;11,3;;;;;;;;;;;;;;300;23888;1,2;98,8;9134;6014;2316;1768;786;364;328;89;35;109;215;2686;24;20;;;;;;;;;;;;38,2;25,2;9,7;7,4;3,3;1,5;1,4;0,4;0,1;0,5;0,9;11,2;0,1;0,1;;;;;;;;;;;;;;32;32;17.03.2016 14:52:10
0003140000000;Ludwigshafen am Rhein, Kreisfreie Stadt;103001;82897;20104;0;65219;19181;63,3;2;3052;62167;4,7;95,3;24689;16644;4220;5667;4004;4812;2131;;;;;;;;;;;;;;;;;;;39,7;26,8;6,8;9,1;6,4;7,7;3,4;;;;;;;;;;;;;;;;;;;1082;64137;1,7;98,3;23202;14419;3533;3769;2181;1485;653;523;378;201;877;12738;99;79;;;;;;;;;;;;36,2;22,5;5,5;5,9;3,4;2,3;1;0,8;0,6;0,3;1,4;19,9;0,2;0,1;;;;;;;;;;;;;;132;132;16.03.2016 11:22:23
0003150000000;Mainz, Kreisfreie Stadt;145368;108783;36585;0;106777;34906;73,5;2;1383;105394;1,3;98,7;41714;29283;11340;6039;4208;1763;664;;;2251;;8132;;;;;;;;;;;;;;39,6;27,8;10,8;5,7;4;1,7;0,6;;;2,1;;7,7;;;;;;;;;;;;;;1071;105706;1;99;41902;29135;10810;6692;4290;1066;999;150;187;1296;453;8650;38;38;;;;;;;;;;;;39,6;27,6;10,2;6,3;4,1;1;0,9;0,1;0,2;1,2;0,4;8,2;0;0;;;;;;;;;;;;;;176;176;17.03.2016 13:52:10
0003160000000;Neustadt an der Weinstraße, Kreisfreie Stadt;41003;30640;10362;1;29686;9930;72,4;2;904;28782;3;97;7993;9790;2334;1994;1138;5533;;;;;;;;;;;;;;;;;;;;27,8;34;8,1;6,9;4;19,2;;;;;;;;;;;;;;;;;;;;367;29319;1,2;98,8;10195;8274;1842;1987;675;1521;223;119;59;95;229;4023;22;55;;;;;;;;;;;;34,8;28,2;6,3;6,8;2,3;5,2;0,8;0,4;0,2;0,3;0,8;13,7;0,1;0,2;;;;;;;;;;;;;;53;53;15.03.2016 10:10:34
0003170000000;Pirmasens, Kreisfreie Stadt;31693;25861;5832;0;18903;5584;59,6;2;877;18026;4,6;95,4;6091;6428;686;1747;1736;;;1338;;;;;;;;;;;;;;;;;;33,8;35,7;3,8;9,7;9,6;;;7,4;;;;;;;;;;;;;;;;;;445;18458;2,4;97,6;6025;5890;483;1098;784;276;205;254;137;50;158;2990;20;88;;;;;;;;;;;;32,6;31,9;2,6;5,9;4,2;1,5;1,1;1,4;0,7;0,3;0,9;16,2;0,1;0,5;;;;;;;;;;;;;;51;51;14.03.2016 15:00:00
0003180000000;Speyer, Kreisfreie Stadt;36397;28747;7650;0;25050;7328;68,8;2;450;24600;1,8;98,2;7789;6656;2736;1266;1140;1290;;;242;;;3481;;;;;;;;;;;;;;31,7;27,1;11,1;5,1;4,6;5,2;;;1;;;14,2;;;;;;;;;;;;;;368;24682;1,5;98,5;8718;6198;2027;1501;939;675;206;99;206;103;159;3780;31;40;;;;;;;;;;;;35,3;25,1;8,2;6,1;3,8;2,7;0,8;0,4;0,8;0,4;0,6;15,3;0,1;0,2;;;;;;;;;;;;;;51;51;15.03.2016 19:21:38
0003190000000;Worms, Kreisfreie Stadt;58897;48383;10512;2;38173;9909;64,8;2;906;37267;2,4;97,6;14399;10141;2858;2280;1391;;;;;;;6198;;;;;;;;;;;;;;38,6;27,2;7,7;6,1;3,7;;;;;;;16,6;;;;;;;;;;;;;;791;37382;2,1;97,9;13783;9765;2156;2164;1121;516;342;327;100;104;236;6604;88;76;;;;;;;;;;;;36,9;26,1;5,8;5,8;3;1,4;0,9;0,9;0,3;0,3;0,6;17,7;0,2;0,2;;;;;;;;;;;;;;76;76;22.03.2016 08:57:52
0003200000000;Zweibrücken, Kreisfreie Stadt;26541;22486;4055;0;16385;3853;61,7;2;631;15754;3,9;96,1;4770;6085;923;1040;1562;1374;;;;;;;;;;;;;;;;;;;;30,3;38,6;5,9;6,6;9,9;8,7;;;;;;;;;;;;;;;;;;;;320;16065;2;98;5470;4333;777;1008;818;368;208;183;31;64;171;2565;7;62;;;;;;;;;;;;34;27;4,8;6,3;5,1;2,3;1,3;1,1;0,2;0,4;1,1;16;0;0,4;;;;;;;;;;;;;;34;34;16.03.2016 11:23:17
0003310000000;Alzey-Worms, Landkreis;97013;72977;24032;4;71611;22996;73,8;2;2206;69405;3,1;96,9;29317;21623;4093;5200;2767;;;;;560;;5845;;;;;;;;;;;;;;42,2;31,2;5,9;7,5;4;;;;;0,8;;8,4;;;;;;;;;;;;;;1049;70562;1,5;98,5;27061;20371;3382;4158;1708;1355;472;460;173;435;416;10422;64;85;;;;;;;;;;;;38,4;28,9;4,8;5,9;2,4;1,9;0,7;0,7;0,2;0,6;0,6;14,8;0,1;0,1;;;;;;;;;;;;;;131;131;16.03.2016 11:51:51
0003310100000;Alzey-Land, VG;19152;14127;5025;0;14808;4815;77,3;2;294;14514;2;98;6082;4356;574;839;350;;;;;198;;2115;;;;;;;;;;;;;;41,9;30;4;5,8;2,4;;;;;1,4;;14,6;;;;;;;;;;;;;;234;14574;1,6;98,4;5492;4274;579;826;331;371;85;120;40;115;74;2241;11;15;;;;;;;;;;;;37,7;29,3;4;5,7;2,3;2,5;0,6;0,8;0,3;0,8;0,5;15,4;0,1;0,1;;;;;;;;;;;;;;31;31;15.03.2016 11:00:40
0003310200000;Eich, VG;10008;7544;2464;0;7030;2340;70,2;2;358;6672;5,1;94,9;3029;1956;421;848;418;;;;;;;;;;;;;;;;;;;;;45,4;29,3;6,3;12,7;6,3;;;;;;;;;;;;;;;;;;;;;97;6933;1,4;98,6;2809;1795;269;372;138;83;46;54;32;23;58;1238;9;7;;;;;;;;;;;;40,5;25,9;3,9;5,4;2;1,2;0,7;0,8;0,5;0,3;0,8;17,9;0,1;0,1;;;;;;;;;;;;;;12;12;15.03.2016 10:03:05
0003310300000;Monsheim, VG;8165;6151;2014;0;6195;1940;75,9;2;301;5894;4,9;95,1;2915;1672;394;566;347;;;;;;;;;;;;;;;;;;;;;49,5;28,4;6,7;9,6;5,9;;;;;;;;;;;;;;;;;;;;;74;6121;1,2;98,8;2502;1613;307;334;115;163;37;45;22;22;24;925;6;6;;;;;;;;;;;;40,9;26,4;5;5,5;1,9;2,7;0,6;0,7;0,4;0,4;0,4;15,1;0,1;0,1;;;;;;;;;;;;;;10;10;14.03.2016 12:22:36
0003310500000;Wöllstein, VG;9050;6671;2376;3;6844;2293;75,6;2;136;6708;2;98;2719;2180;364;368;161;;;;;56;;860;;;;;;;;;;;;;;40,5;32,5;5,4;5,5;2,4;;;;;0,8;;12,8;;;;;;;;;;;;;;98;6746;1,4;98,6;2571;2082;313;417;152;112;52;40;22;24;34;916;10;1;;;;;;;;;;;;38,1;30,9;4,6;6,2;2,3;1,7;0,8;0,6;0,3;0,4;0,5;13,6;0,1;0;;;;;;;;;;;;;;13;13;13.03.2016 20:13:24
0003310600000;Wörrstadt, VG;21472;16393;5079;0;16623;4879;77,4;2;281;16342;1,7;98,3;6524;5345;1300;912;402;;;;;200;;1659;;;;;;;;;;;;;;39,9;32,7;8;5,6;2,5;;;;;1,2;;10,2;;;;;;;;;;;;;;210;16413;1,3;98,7;6476;4965;1026;996;371;254;119;55;28;118;119;1868;9;9;;;;;;;;;;;;39,5;30,3;6,3;6,1;2,3;1,5;0,7;0,3;0,2;0,7;0,7;11,4;0,1;0,1;;;;;;;;;;;;;;30;30;15.03.2016 12:13:42
0003310700000;Wonnegau, VG;15945;12082;3863;0;11319;3697;71;2;679;10640;6;94;4317;3748;634;1229;712;;;;;;;;;;;;;;;;;;;;;40,6;35,2;6;11,6;6,7;;;;;;;;;;;;;;;;;;;;;211;11108;1,9;98,1;3940;3244;441;685;254;226;73;99;22;66;77;1956;7;18;;;;;;;;;;;;35,5;29,2;4;6,2;2,3;2;0,7;0,9;0,2;0,6;0,7;17,6;0,1;0,2;;;;;;;;;;;;;;20;20;16.03.2016 11:51:51
0003320000000;Bad Dürkheim, Landkreis;104304;75293;29011;0;77669;27813;74,5;2;1733;75936;2,2;97,8;27002;24069;4657;5211;2218;6967;;;;;;5812;;;;;;;;;;;;;;35,6;31,7;6,1;6,9;2,9;9,2;;;;;;7,7;;;;;;;;;;;;;;974;76695;1,3;98,7;28715;21765;3820;5223;1499;2716;544;429;214;208;519;10863;129;51;;;;;;;;;;;;37,4;28,4;5;6,8;2;3,5;0,7;0,6;0,3;0,3;0,7;14,2;0,2;0,1;;;;;;;;;;;;;;119;119;14.03.2016 10:08:02
0003320100000;Deidesheim, VG;9406;6106;3300;0;7417;3136;78,9;2;158;7259;2,1;97,9;1736;2825;774;494;109;555;;;;;;766;;;;;;;;;;;;;;23,9;38,9;10,7;6,8;1,5;7,6;;;;;;10,6;;;;;;;;;;;;;;113;7304;1,5;98,5;2226;2724;405;540;82;268;50;33;10;16;44;901;5;0;;;;;;;;;;;;30,5;37,3;5,5;7,4;1,1;3,7;0,7;0,5;0,1;0,2;0,6;12,3;0,1;0;;;;;;;;;;;;;;10;10;14.03.2016 10:08:02
0003320200000;Freinsheim, VG;12281;8501;3780;0;9400;3653;76,5;2;110;9290;1,2;98,8;3329;2990;489;689;176;672;;;;;;945;;;;;;;;;;;;;;35,8;32,2;5,3;7,4;1,9;7,2;;;;;;10,2;;;;;;;;;;;;;;70;9330;0,7;99,3;3545;2713;446;815;152;418;34;38;26;25;49;1057;9;3;;;;;;;;;;;;38;29,1;4,8;8,7;1,6;4,5;0,4;0,4;0,3;0,3;0,5;11,3;0,1;0;;;;;;;;;;;;;;19;19;13.03.2016 21:01:52
0003320300000;Grünstadt-Land, VG;15908;11698;4210;0;12453;3997;78,3;2;242;12211;1,9;98,1;4398;3528;693;692;319;965;;;;;;1616;;;;;;;;;;;;;;36;28,9;5,7;5,7;2,6;7,9;;;;;;13,2;;;;;;;;;;;;;;173;12280;1,4;98,6;4686;3335;569;772;253;458;85;76;37;32;115;1837;18;7;;;;;;;;;;;;38,2;27,2;4,6;6,3;2,1;3,7;0,7;0,6;0,3;0,3;0,9;15;0,1;0,1;;;;;;;;;;;;;;19;19;13.03.2016 20:16:40
0003320400000;Hettenleidelheim, VG;8344;6190;2154;0;6042;2061;72,4;2;266;5776;4,4;95,6;2141;2009;330;379;269;648;;;;;;;;;;;;;;;;;;;;37,1;34,8;5,7;6,6;4,7;11,2;;;;;;;;;;;;;;;;;;;;99;5943;1,6;98,4;2152;1790;282;286;129;175;48;49;13;19;32;958;5;5;;;;;;;;;;;;36,2;30,1;4,7;4,8;2,2;2,9;0,8;0,8;0,2;0,3;0,5;16,1;0,1;0,1;;;;;;;;;;;;;;7;7;13.03.2016 20:38:33
0003320500000;Lambrecht (Pfalz), VG;9756;6783;2973;0;6825;2832;70;2;235;6590;3,4;96,6;2404;2046;333;326;341;1140;;;;;;;;;;;;;;;;;;;;36,5;31;5,1;4,9;5,2;17,3;;;;;;;;;;;;;;;;;;;;105;6720;1,5;98,5;2692;1704;250;267;181;354;41;46;22;24;27;1082;24;6;;;;;;;;;;;;40,1;25,4;3,7;4;2,7;5,3;0,6;0,7;0,3;0,4;0,4;16,1;0,4;0,1;;;;;;;;;;;;;;13;13;13.03.2016 20:01:14
0003320600000;Wachenheim an der Weinstraße, VG;7915;5285;2630;0;6297;2516;79,6;2;59;6238;0,9;99,1;2171;1997;420;491;104;517;;;;;;538;;;;;;;;;;;;;;34,8;32;6,7;7,9;1,7;8,3;;;;;;8,6;;;;;;;;;;;;;;57;6240;0,9;99,1;2308;1943;346;532;111;213;26;17;11;13;38;669;9;4;;;;;;;;;;;;37;31,1;5,5;8,5;1,8;3,4;0,4;0,3;0,2;0,2;0,6;10,7;0,1;0,1;;;;;;;;;;;;;;6;6;13.03.2016 20:44:14
0003330000000;Donnersbergkreis, Landkreis;58225;44668;13557;0;40951;13007;70,3;2;1476;39475;3,6;96,4;14761;12228;2899;2715;2204;4668;;;;;;;;;;;;;;;;;;;;37,4;31;7,3;6,9;5,6;11,8;;;;;;;;;;;;;;;;;;;;650;40301;1,6;98,4;15773;10314;1874;2277;1189;1332;356;348;113;117;216;6244;60;88;;;;;;;;;;;;39,1;25,6;4,7;5,6;3;3,3;0,9;0,9;0,3;0,3;0,5;15,5;0,1;0,2;;;;;;;;;;;;;;119;119;15.03.2016 16:36:04
0003330100000;Alsenz-Obermoschel, VG;5340;4309;1031;0;3926;992;73,5;2;150;3776;3,8;96,2;1507;1219;248;250;187;365;;;;;;;;;;;;;;;;;;;;39,9;32,3;6,6;6,6;5;9,7;;;;;;;;;;;;;;;;;;;;58;3868;1,5;98,5;1605;1013;164;206;109;72;34;38;5;8;14;590;10;0;;;;;;;;;;;;41,5;26,2;4,2;5,3;2,8;1,9;0,9;1;0,1;0,2;0,4;15,3;0,3;0;;;;;;;;;;;;;;16;16;15.03.2016 16:36:04
0003330200000;Eisenberg (Pfalz), VG;9658;7084;2574;0;6521;2456;67,5;2;244;6277;3,7;96,3;2838;1542;348;330;405;814;;;;;;;;;;;;;;;;;;;;45,2;24,6;5,5;5,3;6,5;13;;;;;;;;;;;;;;;;;;;;99;6422;1,5;98,5;2721;1395;268;286;192;278;52;69;17;20;34;1063;16;11;;;;;;;;;;;;42,4;21,7;4,2;4,5;3;4,3;0,8;1,1;0,3;0,3;0,5;16,6;0,2;0,2;;;;;;;;;;;;;;13;13;15.03.2016 14:44:44
0003330300000;Göllheim, VG;9384;6916;2468;0;6728;2363;71,7;2;211;6517;3,1;96,9;2057;2024;584;391;323;1138;;;;;;;;;;;;;;;;;;;;31,6;31,1;9;6;5;17,5;;;;;;;;;;;;;;;;;;;;96;6632;1,4;98,6;2403;1754;308;366;171;336;57;46;29;22;42;1081;9;8;;;;;;;;;;;;36,2;26,4;4,6;5,5;2,6;5,1;0,9;0,7;0,4;0,3;0,6;16,3;0,1;0,1;;;;;;;;;;;;;;20;20;15.03.2016 10:03:11
0003330400000;Kirchheimbolanden, VG;14710;11516;3194;0;10107;3063;68,7;2;367;9740;3,6;96,4;3279;3324;838;622;607;1070;;;;;;;;;;;;;;;;;;;;33,7;34,1;8,6;6,4;6,2;11;;;;;;;;;;;;;;;;;;;;153;9954;1,5;98,5;3747;2631;478;563;314;287;79;93;27;23;51;1612;9;40;;;;;;;;;;;;37,6;26,4;4,8;5,7;3,2;2,9;0,8;0,9;0,3;0,2;0,5;16,2;0,1;0,4;;;;;;;;;;;;;;25;25;14.03.2016 12:13:58
0003330500000;Rockenhausen, VG;8820;6901;1919;0;6219;1828;70,5;2;227;5992;3,7;96,3;2512;1738;427;528;332;455;;;;;;;;;;;;;;;;;;;;41,9;29;7,1;8,8;5,5;7,6;;;;;;;;;;;;;;;;;;;;118;6101;1,9;98,1;2609;1508;315;434;202;101;46;42;15;20;28;763;9;9;;;;;;;;;;;;42,8;24,7;5,2;7,1;3,3;1,7;0,8;0,7;0,2;0,3;0,5;12,5;0,1;0,1;;;;;;;;;;;;;;27;27;15.03.2016 12:58:51
0003330600000;Winnweiler, VG;10313;7942;2371;0;7450;2305;72,2;2;277;7173;3,7;96,3;2568;2381;454;594;350;826;;;;;;;;;;;;;;;;;;;;35,8;33,2;6,3;8,3;4,9;11,5;;;;;;;;;;;;;;;;;;;;126;7324;1,7;98,3;2688;2013;341;422;201;258;88;60;20;24;47;1135;7;20;;;;;;;;;;;;36,7;27,5;4,7;5,8;2,7;3,5;1,2;0,8;0,3;0,3;0,6;15,5;0,1;0,3;;;;;;;;;;;;;;18;18;14.03.2016 10:57:40
0003340000000;Germersheim, Landkreis;93721;69704;24017;0;67772;22938;72,3;2;1343;66429;2;98;21105;21931;3502;5037;1835;1826;191;;;;;11002;;;;;;;;;;;;;;31,8;33;5,3;7,6;2,8;2,7;0,3;;;;;16,6;;;;;;;;;;;;;;1056;66716;1,6;98,4;22596;19090;3107;4266;1555;1707;542;497;309;286;477;12100;89;95;;;;;;;;;;;;33,9;28,6;4,7;6,4;2,3;2,6;0,8;0,7;0,5;0,4;0,7;18,1;0,1;0,1;;;;;;;;;;;;;;102;102;16.03.2016 10:52:25
0003340100000;Bellheim, VG;10645;7477;3168;0;7945;3028;74,6;2;162;7783;2;98;2175;2515;311;991;191;316;;;;;;1284;;;;;;;;;;;;;;27,9;32,3;4;12,7;2,5;4,1;;;;;;16,5;;;;;;;;;;;;;;130;7815;1,6;98,4;2448;2300;310;578;166;207;53;70;58;94;74;1427;25;5;;;;;;;;;;;;31,3;29,4;4;7,4;2,1;2,6;0,7;0,9;0,7;1,2;0,9;18,3;0,3;0,1;;;;;;;;;;;;;;13;13;16.03.2016 10:52:25
0003340200000;Hagenbach, VG;8250;6081;2169;0;6143;2102;74,5;2;101;6042;1,6;98,4;1950;2102;315;383;153;250;;;;;;889;;;;;;;;;;;;;;32,3;34,8;5,2;6,3;2,5;4,1;;;;;;14,7;;;;;;;;;;;;;;83;6060;1,4;98,6;2067;1871;287;373;117;174;45;36;17;12;38;1013;5;5;;;;;;;;;;;;34,1;30,9;4,7;6,2;1,9;2,9;0,7;0,6;0,3;0,2;0,6;16,7;0,1;0,1;;;;;;;;;;;;;;6;6;15.03.2016 11:54:58
0003340300000;Jockgrim, VG;13011;9100;3911;0;9932;3756;76,3;2;143;9789;1,4;98,6;3064;3537;550;669;217;332;;;;;;1420;;;;;;;;;;;;;;31,3;36,1;5,6;6,8;2,2;3,4;;;;;;14,5;;;;;;;;;;;;;;124;9808;1,2;98,8;3319;3031;522;654;175;211;90;68;22;33;58;1612;7;6;;;;;;;;;;;;33,8;30,9;5,3;6,7;1,8;2,2;0,9;0,7;0,2;0,3;0,6;16,4;0,1;0,1;;;;;;;;;;;;;;10;10;14.03.2016 08:29:10
0003340400000;Kandel, VG;12088;9240;2848;0;9165;2690;75,8;2;165;9000;1,8;98,2;3575;2283;618;989;297;;;;;;;1238;;;;;;;;;;;;;;39,7;25,4;6,9;11;3,3;;;;;;;13,8;;;;;;;;;;;;;;115;9050;1,3;98,7;3486;2310;525;702;235;278;78;44;27;29;63;1256;10;7;;;;;;;;;;;;38,5;25,5;5,8;7,8;2,6;3,1;0,9;0,5;0,3;0,3;0,7;13,9;0,1;0,1;;;;;;;;;;;;;;16;16;14.03.2016 11:33:40
0003340500000;Lingenfeld, VG;12213;8965;3248;0;9141;3120;74,8;2;185;8956;2;98;3065;2555;533;489;233;;191;;;;;1890;;;;;;;;;;;;;;34,2;28,5;6;5,5;2,6;;2,1;;;;;21,1;;;;;;;;;;;;;;122;9019;1,3;98,7;3234;2177;421;531;193;270;86;66;64;32;71;1843;18;13;;;;;;;;;;;;35,9;24,1;4,7;5,9;2,1;3;1;0,7;0,7;0,4;0,8;20,4;0,2;0,1;;;;;;;;;;;;;;11;11;14.03.2016 13:39:12
0003340600000;Rülzheim, VG;11820;8103;3717;0;8834;3567;74,7;2;134;8700;1,5;98,5;1904;3943;302;519;161;401;;;;;;1470;;;;;;;;;;;;;;21,9;45,3;3,5;6;1,9;4,6;;;;;;16,9;;;;;;;;;;;;;;119;8715;1,3;98,7;2478;2962;306;490;145;266;52;90;46;45;67;1751;11;6;;;;;;;;;;;;28,4;34;3,5;5,6;1,7;3,1;0,6;1;0,5;0,5;0,8;20,1;0,1;0,1;;;;;;;;;;;;;;14;14;14.03.2016 14:50:15
0003350000000;Kaiserslautern, Landkreis;81255;63374;17881;0;58693;17121;72,2;2;1900;56793;3,2;96,8;21181;19074;2835;3099;2964;4861;;;;;;2779;;;;;;;;;;;;;;37,3;33,6;5;5,5;5,2;8,6;;;;;;4,9;;;;;;;;;;;;;;1148;57545;2;98;21590;16718;2390;2789;1792;1970;452;412;176;151;349;8494;89;173;;;;;;;;;;;;37,5;29,1;4,2;4,8;3,1;3,4;0,8;0,7;0,3;0,3;0,6;14,8;0,2;0,3;;;;;;;;;;;;;;114;114;15.03.2016 11:30:57
0003350100000;Bruchmühlbach-Miesau, VG;7875;6588;1287;0;5128;1221;65,1;2;220;4908;4,3;95,7;2088;1667;192;254;297;410;;;;;;;;;;;;;;;;;;;;42,5;34;3,9;5,2;6,1;8,4;;;;;;;;;;;;;;;;;;;;133;4995;2,6;97,4;2019;1325;176;225;159;117;42;43;15;12;52;786;5;19;;;;;;;;;;;;40,4;26,5;3,5;4,5;3,2;2,3;0,8;0,9;0,3;0,2;1;15,7;0,1;0,4;;;;;;;;;;;;;;11;11;15.03.2016 10:18:36
0003350200000;Enkenbach-Alsenborn, VG;15200;11582;3618;0;11066;3496;72,8;2;218;10848;2;98;4037;3146;538;743;353;759;;;;;;1272;;;;;;;;;;;;;;37,2;29;5;6,8;3,3;7;;;;;;11,7;;;;;;;;;;;;;;176;10890;1,6;98,4;4155;2950;569;628;309;431;85;91;37;27;49;1510;30;19;;;;;;;;;;;;38,2;27,1;5,2;5,8;2,8;4;0,8;0,8;0,3;0,2;0,4;13,9;0,3;0,2;;;;;;;;;;;;;;15;15;14.03.2016 15:32:41
0003350400000;Kaiserslautern-Süd, VG;8622;6282;2340;0;6452;2227;74,8;2;173;6279;2,7;97,3;1948;2154;297;388;196;512;;;;;;784;;;;;;;;;;;;;;31;34,3;4,7;6,2;3,1;8,2;;;;;;12,5;;;;;;;;;;;;;;114;6338;1,8;98,2;2163;2072;243;365;156;245;38;50;19;22;37;909;10;9;;;;;;;;;;;;34,1;32,7;3,8;5,8;2,5;3,9;0,6;0,8;0,3;0,3;0,6;14,3;0,2;0,1;;;;;;;;;;;;;;10;10;14.03.2016 12:47:30
0003350500000;Landstuhl, VG;11362;8914;2448;0;7828;2364;68,9;2;327;7501;4,2;95,8;2344;3189;330;428;475;735;;;;;;;;;;;;;;;;;;;;31,2;42,5;4,4;5,7;6,3;9,8;;;;;;;;;;;;;;;;;;;;158;7670;2;98;2435;2630;251;359;248;230;66;42;28;14;49;1276;7;35;;;;;;;;;;;;31,7;34,3;3,3;4,7;3,2;3;0,9;0,5;0,4;0,2;0,6;16,6;0,1;0,5;;;;;;;;;;;;;;13;13;13.03.2016 20:04:05
0003350800000;Ramstein-Miesenbach, VG;12545;10106;2439;0;9273;2332;73,9;2;381;8892;4,1;95,9;2840;4118;395;305;498;736;;;;;;;;;;;;;;;;;;;;31,9;46,3;4,4;3,4;5,6;8,3;;;;;;;;;;;;;;;;;;;;240;9033;2,6;97,4;3285;3166;298;299;236;267;66;52;27;11;48;1232;9;37;;;;;;;;;;;;36,4;35;3,3;3,3;2,6;3;0,7;0,6;0,3;0,1;0,5;13,6;0,1;0,4;;;;;;;;;;;;;;25;25;14.03.2016 14:49:59
0003350900000;Weilerbach, VG;10743;8481;2262;0;8039;2175;74,8;2;244;7795;3;97;3594;2080;523;388;510;700;;;;;;;;;;;;;;;;;;;;46,1;26,7;6,7;5;6,5;9;;;;;;;;;;;;;;;;;;;;133;7906;1,7;98,3;3279;1938;356;394;321;242;70;37;16;26;55;1133;11;28;;;;;;;;;;;;41,5;24,5;4,5;5;4,1;3,1;0,9;0,5;0,2;0,3;0,7;14,3;0,1;0,4;;;;;;;;;;;;;;14;14;15.03.2016 11:30:57
0003351000000;Otterbach-Otterberg, VG;14908;11421;3487;0;10907;3306;73,2;2;337;10570;3,1;96,9;4330;2720;560;593;635;1009;;;;;;723;;;;;;;;;;;;;;41;25,7;5,3;5,6;6;9,5;;;;;;6,8;;;;;;;;;;;;;;194;10713;1,8;98,2;4254;2637;497;519;363;438;85;97;34;39;59;1648;17;26;;;;;;;;;;;;39,7;24,6;4,6;4,8;3,4;4,1;0,8;0,9;0,3;0,4;0,6;15,4;0,2;0,2;;;;;;;;;;;;;;26;26;14.03.2016 14:50:31
0003360000000;Kusel, Landkreis;57530;46919;10608;3;40926;10083;71,1;2;907;40019;2,2;97,8;16891;9050;2489;1802;1739;3011;;;;;;5037;;;;;;;;;;;;;;42,2;22,6;6,2;4,5;4,3;7,5;;;;;;12,6;;;;;;;;;;;;;;683;40243;1,7;98,3;17227;9127;1701;1770;1358;1553;307;387;170;103;223;6154;77;86;;;;;;;;;;;;42,8;22,7;4,2;4,4;3,4;3,9;0,8;1;0,4;0,3;0,6;15,3;0,2;0,2;;;;;;;;;;;;;;123;123;15.03.2016 14:30:01
0003360100000;Altenglan, VG;7992;6419;1573;0;5877;1502;73,5;2;142;5735;2,4;97,6;2632;1164;367;229;244;444;;;;;;655;;;;;;;;;;;;;;45,9;20,3;6,4;4;4,3;7,7;;;;;;11,4;;;;;;;;;;;;;;105;5772;1,8;98,2;2568;1228;250;221;181;239;38;49;24;14;26;909;15;10;;;;;;;;;;;;44,5;21,3;4,3;3,8;3,1;4,1;0,7;0,8;0,4;0,2;0,5;15,7;0,3;0,2;;;;;;;;;;;;;;21;21;15.03.2016 14:20:44
0003360200000;Glan-Münchweiler, VG;7545;6036;1509;0;5621;1404;74,5;2;109;5512;1,9;98,1;2229;1083;433;201;199;766;;;;;;601;;;;;;;;;;;;;;40,4;19,6;7,9;3,6;3,6;13,9;;;;;;10,9;;;;;;;;;;;;;;80;5541;1,4;98,6;2498;1162;220;209;179;348;39;52;17;8;30;763;13;3;;;;;;;;;;;;45,1;21;4;3,8;3,2;6,3;0,7;0,9;0,3;0,1;0,5;13,8;0,2;0,1;;;;;;;;;;;;;;13;13;13.03.2016 19:53:53
0003360300000;Kusel, VG;10607;8750;1857;0;7625;1790;71,9;2;149;7476;2;98;3420;1457;575;317;238;535;;;;;;934;;;;;;;;;;;;;;45,7;19,5;7,7;4,2;3,2;7,2;;;;;;12,5;;;;;;;;;;;;;;124;7501;1,6;98,4;3225;1556;421;361;205;259;48;47;28;19;44;1261;10;17;;;;;;;;;;;;43;20,7;5,6;4,8;2,7;3,5;0,6;0,6;0,4;0,3;0,6;16,8;0,1;0,2;;;;;;;;;;;;;;24;24;14.03.2016 16:36:30
0003360500000;Schönenberg-Kübelberg, VG;9822;8202;1620;0;6866;1537;69,9;2;171;6695;2,5;97,5;2446;1972;333;268;302;435;;;;;;939;;;;;;;;;;;;;;36,5;29,5;5;4;4,5;6,5;;;;;;14;;;;;;;;;;;;;;140;6726;2;98;2523;1847;247;253;242;251;77;103;34;23;28;1067;12;19;;;;;;;;;;;;37,5;27,5;3,7;3,8;3,6;3,7;1,1;1,5;0,5;0,3;0,4;15,9;0,2;0,3;;;;;;;;;;;;;;10;10;13.03.2016 19:55:06
0003360600000;Waldmohr, VG;6270;5194;1076;0;4000;1027;63,8;2;112;3888;2,8;97,2;1612;896;269;188;180;149;;;;;;594;;;;;;;;;;;;;;41,5;23;6,9;4,8;4,6;3,8;;;;;;15,3;;;;;;;;;;;;;;81;3919;2;98;1630;929;165;184;149;88;30;52;13;15;33;600;5;26;;;;;;;;;;;;41,6;23,7;4,2;4,7;3,8;2,2;0,8;1,3;0,3;0,4;0,8;15,3;0,1;0,7;;;;;;;;;;;;;;8;8;15.03.2016 14:30:01
0003360800000;Lauterecken-Wolfstein, VG;15294;12318;2973;3;10937;2823;71,5;2;224;10713;2;98;4552;2478;512;599;576;682;;;;;;1314;;;;;;;;;;;;;;42,5;23,1;4,8;5,6;5,4;6,4;;;;;;12,3;;;;;;;;;;;;;;153;10784;1,4;98,6;4783;2405;398;542;402;368;75;84;54;24;62;1554;22;11;;;;;;;;;;;;44,4;22,3;3,7;5;3,7;3,4;0,7;0,8;0,5;0,2;0,6;14,4;0,2;0,1;;;;;;;;;;;;;;47;47;14.03.2016 14:22:01
0003370000000;Südliche Weinstraße, Landkreis;87190;64812;22377;1;65806;21438;75,5;2;1725;64081;2,6;97,4;23290;20806;4399;6258;1814;;240;664;;;;6610;;;;;;;;;;;;;;36,3;32,5;6,9;9,8;2,8;;0,4;1;;;;10,3;;;;;;;;;;;;;;999;64807;1,5;98,5;23750;19331;3609;4712;1309;1372;564;355;168;234;527;8770;58;48;;;;;;;;;;;;36,6;29,8;5,6;7,3;2;2,1;0,9;0,5;0,3;0,4;0,8;13,5;0,1;0,1;;;;;;;;;;;;;;110;110;16.03.2016 08:50:45
0003370100000;Annweiler am Trifels, VG;13288;9668;3620;0;9625;3439;72,4;2;607;9018;6,3;93,7;3261;2998;746;932;417;;;664;;;;;;;;;;;;;;;;;;36,2;33,2;8,3;10,3;4,6;;;7,4;;;;;;;;;;;;;;;;;;203;9422;2,1;97,9;3400;2654;502;574;213;215;81;94;37;44;103;1486;7;12;;;;;;;;;;;;36,1;28,2;5,3;6,1;2,3;2,3;0,9;1;0,4;0,5;1,1;15,8;0,1;0,1;;;;;;;;;;;;;;22;22;14.03.2016 15:27:11
0003370200000;Bad Bergzabern, VG;19044;14567;4477;0;13886;4274;72,9;2;304;13582;2,2;97,8;5767;3173;968;1526;434;;;;;;;1714;;;;;;;;;;;;;;42,5;23,4;7,1;11,2;3,2;;;;;;;12,6;;;;;;;;;;;;;;204;13682;1,5;98,5;5663;3408;689;1038;333;246;99;62;38;48;95;1943;10;10;;;;;;;;;;;;41,4;24,9;5;7,6;2,4;1,8;0,7;0,5;0,3;0,4;0,7;14,2;0,1;0,1;;;;;;;;;;;;;;24;24;15.03.2016 08:49:26
0003370300000;Edenkoben, VG;15571;11272;4299;0;12165;4119;78,1;2;234;11931;1,9;98,1;4034;4501;784;772;245;;172;;;;;1423;;;;;;;;;;;;;;33,8;37,7;6,6;6,5;2,1;;1,4;;;;;11,9;;;;;;;;;;;;;;160;12005;1,3;98,7;4098;3814;735;937;245;302;103;48;26;44;107;1522;13;11;;;;;;;;;;;;34,1;31,8;6,1;7,8;2;2,5;0,9;0,4;0,2;0,4;0,9;12,7;0,1;0,1;;;;;;;;;;;;;;21;21;15.03.2016 10:12:40
0003370400000;Herxheim, VG;12015;8840;3175;0;9171;3058;76,3;2;151;9020;1,6;98,4;2569;3530;556;885;235;;;;;;;1245;;;;;;;;;;;;;;28,5;39,1;6,2;9,8;2,6;;;;;;;13,8;;;;;;;;;;;;;;112;9059;1,2;98,8;2835;3052;491;649;159;188;84;54;28;31;74;1389;17;8;;;;;;;;;;;;31,3;33,7;5,4;7,2;1,8;2,1;0,9;0,6;0,3;0,3;0,8;15,3;0,2;0,1;;;;;;;;;;;;;;10;10;16.03.2016 08:50:45
0003370500000;Landau-Land, VG;11084;8349;2735;0;8814;2612;79,5;2;176;8638;2;98;3694;2004;648;1106;205;;;;;;;981;;;;;;;;;;;;;;42,8;23,2;7,5;12,8;2,4;;;;;;;11,4;;;;;;;;;;;;;;129;8685;1,5;98,5;3554;2216;574;698;162;140;75;54;21;37;70;1076;5;3;;;;;;;;;;;;40,9;25,5;6,6;8;1,9;1,6;0,9;0,6;0,2;0,4;0,8;12,4;0,1;0;;;;;;;;;;;;;;18;18;15.03.2016 08:58:19
0003370600000;Maikammer, VG;6419;4402;2016;1;4884;1944;76,1;2;106;4778;2,2;97,8;1196;2504;293;235;94;;68;;;;;388;;;;;;;;;;;;;;25;52,4;6,1;4,9;2;;1,4;;;;;8,1;;;;;;;;;;;;;;87;4797;1,8;98,2;1346;2162;254;311;83;110;84;15;5;11;31;382;2;1;;;;;;;;;;;;28,1;45,1;5,3;6,5;1,7;2,3;1,8;0,3;0,1;0,2;0,6;8;0;0;;;;;;;;;;;;;;5;5;13.03.2016 20:27:36
0003370700000;Offenbach an der Queich, VG;9769;7714;2055;0;7261;1992;74,3;2;147;7114;2;98;2769;2096;404;802;184;;;;;;;859;;;;;;;;;;;;;;38,9;29,5;5,7;11,3;2,6;;;;;;;12,1;;;;;;;;;;;;;;104;7157;1,4;98,6;2854;2025;364;505;114;171;38;28;13;19;47;972;4;3;;;;;;;;;;;;39,9;28,3;5,1;7,1;1,6;2,4;0,5;0,4;0,2;0,3;0,7;13,6;0,1;0;;;;;;;;;;;;;;10;10;15.03.2016 10:36:30
0003380000000;Rhein-Pfalz-Kreis, Landkreis;116359;84507;31852;0;88769;30480;76,3;2;1470;87299;1,7;98,3;25888;30121;6138;5053;1969;3506;;;211;504;249;13660;;;;;;;;;;;;;;29,7;34,5;7;5,8;2,3;4;;;0,2;0,6;0,3;15,6;;;;;;;;;;;;;;1200;87569;1,4;98,6;29349;26227;4767;5599;1829;2513;649;445;416;350;848;14305;215;57;;;;;;;;;;;;33,5;30;5,4;6,4;2,1;2,9;0,7;0,5;0,5;0,4;1;16,3;0,2;0,1;;;;;;;;;;;;;;123;123;15.03.2016 15:13:38
0003380100000;Dannstadt-Schauernheim, VG;10079;7262;2817;0;7788;2702;77,3;2;122;7666;1,6;98,4;2054;2995;401;458;133;404;;;;95;;1126;;;;;;;;;;;;;;26,8;39,1;5,2;6;1,7;5,3;;;;1,2;;14,7;;;;;;;;;;;;;;98;7690;1,3;98,7;2442;2567;347;546;133;249;57;32;24;44;57;1173;13;6;;;;;;;;;;;;31,8;33,4;4,5;7,1;1,7;3,2;0,7;0,4;0,3;0,6;0,7;15,3;0,2;0,1;;;;;;;;;;;;;;16;16;15.03.2016 08:40:24
0003380400000;Maxdorf, VG;9734;6889;2845;0;7564;2754;77,7;2;108;7456;1,4;98,6;2357;2362;352;559;147;263;;;;213;;1203;;;;;;;;;;;;;;31,6;31,7;4,7;7,5;2;3,5;;;;2,9;;16,1;;;;;;;;;;;;;;81;7483;1,1;98,9;2724;2073;306;532;135;179;56;49;32;72;60;1243;19;3;;;;;;;;;;;;36,4;27,7;4,1;7,1;1,8;2,4;0,7;0,7;0,4;1;0,8;16,6;0,3;0;;;;;;;;;;;;;;8;8;14.03.2016 16:04:41
0003380600000;Lambsheim-Heßheim, VG;12580;9007;3573;0;9797;3449;77,9;2;173;9624;1,8;98,2;3384;3651;437;415;237;;;;;;155;1345;;;;;;;;;;;;;;35,2;37,9;4,5;4,3;2,5;;;;;;1,6;14;;;;;;;;;;;;;;157;9640;1,6;98,4;3454;2946;468;521;206;213;60;46;40;23;143;1500;13;7;;;;;;;;;;;;35,8;30,6;4,9;5,4;2,1;2,2;0,6;0,5;0,4;0,2;1,5;15,6;0,1;0,1;;;;;;;;;;;;;;12;12;15.03.2016 15:13:38
0003380700000;Römerberg-Dudenhofen, VG;16174;11658;4516;0;12318;4298;76,2;2;180;12138;1,5;98,5;3245;4138;1240;816;333;552;;;113;;;1701;;;;;;;;;;;;;;26,7;34,1;10,2;6,7;2,7;4,5;;;0,9;;;14;;;;;;;;;;;;;;141;12177;1,1;98,9;3805;3972;817;818;274;295;78;47;88;37;96;1827;9;14;;;;;;;;;;;;31,2;32,6;6,7;6,7;2,3;2,4;0,6;0,4;0,7;0,3;0,8;15;0,1;0,1;;;;;;;;;;;;;;17;17;14.03.2016 08:54:03
0003380800000;Rheinauen, VG;18762;13406;5356;0;14406;5114;76,8;2;243;14163;1,7;98,3;4251;4308;1156;883;310;654;;;;81;;2520;;;;;;;;;;;;;;30;30,4;8,2;6,2;2,2;4,6;;;;0,6;;17,8;;;;;;;;;;;;;;183;14223;1,3;98,7;4775;3822;905;935;304;393;109;65;75;57;128;2574;74;7;;;;;;;;;;;;33,6;26,9;6,4;6,6;2,1;2,8;0,8;0,5;0,5;0,4;0,9;18,1;0,5;0;;;;;;;;;;;;;;15;15;13.03.2016 21:00:16
0003390000000;Mainz-Bingen, Landkreis;157198;116638;40549;11;120741;38964;76,8;2;3834;116907;3,2;96,8;45130;42126;10349;9829;4688;2825;;;;1960;;;;;;;;;;;;;;;;38,6;36;8,9;8,4;4;2,4;;;;1,7;;;;;;;;;;;;;;;;1377;119364;1,1;98,9;46610;37589;7253;7790;2609;1806;854;290;239;841;533;12788;76;86;;;;;;;;;;;;39;31,5;6,1;6,5;2,2;1,5;0,7;0,2;0,2;0,7;0,4;10,7;0,1;0,1;;;;;;;;;;;;;;201;201;16.03.2016 14:31:04
0003390100000;Rhein-Nahe, VG;11825;8724;3101;0;9220;2989;78;2;297;8923;3,2;96,8;3884;3171;505;701;386;;;;;276;;;;;;;;;;;;;;;;43,5;35,5;5,7;7,9;4,3;;;;;3,1;;;;;;;;;;;;;;;;106;9114;1,1;98,9;3624;3005;422;514;207;152;60;30;9;76;26;974;4;11;;;;;;;;;;;;39,8;33;4,6;5,6;2,3;1,7;0,7;0,3;0,1;0,8;0,3;10,7;0;0,1;;;;;;;;;;;;;;23;23;14.03.2016 11:14:13
0003390200000;Bodenheim, VG;14781;10612;4169;0;11944;3996;80,8;2;327;11617;2,7;97,3;4182;4602;831;955;347;557;;;;143;;;;;;;;;;;;;;;;36;39,6;7,2;8,2;3;4,8;;;;1,2;;;;;;;;;;;;;;;;139;11805;1,2;98,8;4518;4124;669;715;231;197;77;28;23;89;57;1063;7;7;;;;;;;;;;;;38,3;34,9;5,7;6,1;2;1,7;0,7;0,2;0,2;0,8;0,5;9;0,1;0,1;;;;;;;;;;;;;;16;16;14.03.2016 08:59:27
0003390300000;Gau-Algesheim, VG;12830;9258;3571;1;10238;3457;79,8;2;380;9858;3,7;96,3;3784;3484;1193;836;295;;;;;266;;;;;;;;;;;;;;;;38,4;35,3;12,1;8,5;3;;;;;2,7;;;;;;;;;;;;;;;;131;10107;1,3;98,7;3938;3297;663;655;169;124;70;26;15;44;43;1052;5;6;;;;;;;;;;;;39;32,6;6,6;6,5;1,7;1,2;0,7;0,3;0,1;0,4;0,4;10,4;0;0,1;;;;;;;;;;;;;;16;16;15.03.2016 11:00:01
0003390500000;Heidesheim am Rhein, VG;7694;5793;1901;0;5832;1809;75,8;2;204;5628;3,5;96,5;2079;1898;667;406;217;267;;;;94;;;;;;;;;;;;;;;;36,9;33,7;11,9;7,2;3,9;4,7;;;;1,7;;;;;;;;;;;;;;;;43;5789;0,7;99,3;2321;1776;449;298;136;92;42;8;14;35;33;578;4;3;;;;;;;;;;;;40,1;30,7;7,8;5,1;2,3;1,6;0,7;0,1;0,2;0,6;0,6;10;0,1;0,1;;;;;;;;;;;;;;7;7;14.03.2016 11:44:03
0003390600000;Nieder-Olm, VG;24249;17630;6619;0;19447;6367;80,2;2;557;18890;2,9;97,1;6934;7042;1543;1364;584;1094;;;;329;;;;;;;;;;;;;;;;36,7;37,3;8,2;7,2;3,1;5,8;;;;1,7;;;;;;;;;;;;;;;;183;19264;0,9;99,1;7689;6236;1107;1288;340;312;125;33;39;185;60;1829;13;8;;;;;;;;;;;;39,9;32,4;5,7;6,7;1,8;1,6;0,6;0,2;0,2;1;0,3;9,5;0,1;0;;;;;;;;;;;;;;32;32;15.03.2016 09:49:58
0003390700000;Rhein-Selz, VG;30972;22072;8898;2;24176;8557;78,1;2;781;23395;3,2;96,8;9169;8832;2015;2263;1116;;;;;;;;;;;;;;;;;;;;;39,2;37,8;8,6;9,7;4,8;;;;;;;;;;;;;;;;;;;;;263;23913;1,1;98,9;9165;7150;1512;1592;545;377;190;74;70;159;118;2933;16;12;;;;;;;;;;;;38,3;29,9;6,3;6,7;2,3;1,6;0,8;0,3;0,3;0,7;0,5;12,3;0,1;0,1;;;;;;;;;;;;;;41;41;14.03.2016 11:06:39
0003390800000;Sprendlingen-Gensingen, VG;10785;8591;2193;1;7837;2072;72,7;2;251;7586;3,2;96,8;3497;2424;484;652;321;;;;;208;;;;;;;;;;;;;;;;46,1;32;6,4;8,6;4,2;;;;;2,7;;;;;;;;;;;;;;;;87;7750;1,1;98,9;3268;2245;365;499;152;112;57;27;10;41;34;919;12;9;;;;;;;;;;;;42,2;29;4,7;6,4;2;1,4;0,7;0,3;0,1;0,5;0,4;11,9;0,2;0,1;;;;;;;;;;;;;;16;16;15.03.2016 09:36:04
0003400000000;Südwestpfalz, Landkreis;79497;58176;21320;1;59371;20388;74,7;2;1975;57396;3,3;96,7;18469;23775;1029;3370;2299;3529;;471;;;;4454;;;;;;;;;;;;;;32,2;41,4;1,8;5,9;4;6,1;;0,8;;;;7,8;;;;;;;;;;;;;;1193;58178;2;98;18849;21053;1790;3289;1379;1656;503;473;214;151;396;8285;56;84;;;;;;;;;;;;32,4;36,2;3,1;5,7;2,4;2,8;0,9;0,8;0,4;0,3;0,7;14,2;0,1;0,1;;;;;;;;;;;;;;130;130;15.03.2016 15:06:22
0003400100000;Dahner Felsenland, VG;12014;8497;3516;1;9270;3389;77,2;2;196;9074;2,1;97,9;3148;4123;;361;219;272;;;;;;951;;;;;;;;;;;;;;34,7;45,4;;4;2,4;3;;;;;;10,5;;;;;;;;;;;;;;164;9106;1,8;98,2;2847;3765;270;547;183;200;52;52;26;8;46;1091;9;10;;;;;;;;;;;;31,3;41,3;3;6;2;2,2;0,6;0,6;0,3;0,1;0,5;12;0,1;0,1;;;;;;;;;;;;;;17;17;14.03.2016 15:57:22
0003400200000;Hauenstein, VG;7244;4963;2281;0;5527;2193;76,3;2;158;5369;2,9;97,1;1863;2233;;264;188;197;;;;;;624;;;;;;;;;;;;;;34,7;41,6;;4,9;3,5;3,7;;;;;;11,6;;;;;;;;;;;;;;118;5409;2,1;97,9;1753;1955;304;309;130;112;46;37;13;14;27;701;1;7;;;;;;;;;;;;32,4;36,1;5,6;5,7;2,4;2,1;0,9;0,7;0,2;0,3;0,5;13;0;0,1;;;;;;;;;;;;;;14;14;14.03.2016 14:54:16
0003400300000;Pirmasens-Land, VG;10207;7648;2559;0;7461;2436;73,1;2;226;7235;3;97;2474;2771;;364;262;393;;;;;;971;;;;;;;;;;;;;;34,2;38,3;;5;3,6;5,4;;;;;;13,4;;;;;;;;;;;;;;155;7306;2,1;97,9;2507;2533;152;395;190;210;69;55;34;26;63;1060;3;9;;;;;;;;;;;;34,3;34,7;2,1;5,4;2,6;2,9;0,9;0,8;0,5;0,4;0,9;14,5;0;0,1;;;;;;;;;;;;;;19;19;15.03.2016 14:50:27
0003400400000;Rodalben, VG;11824;7462;4362;0;8855;4175;74,9;2;445;8410;5;95;2144;4276;373;708;438;;;471;;;;;;;;;;;;;;;;;;25,5;50,8;4,4;8,4;5,2;;;5,6;;;;;;;;;;;;;;;;;;218;8637;2,5;97,5;2312;3829;210;448;171;213;80;67;41;39;51;1150;11;15;;;;;;;;;;;;26,8;44,3;2,4;5,2;2;2,5;0,9;0,8;0,5;0,5;0,6;13,3;0,1;0,2;;;;;;;;;;;;;;13;13;14.03.2016 15:11:27
0003400600000;Waldfischbach-Burgalben, VG;10093;7421;2672;0;7566;2543;75;2;171;7395;2,3;97,7;2695;2756;;318;199;424;;;;;;1003;;;;;;;;;;;;;;36,4;37,3;;4,3;2,7;5,7;;;;;;13,6;;;;;;;;;;;;;;110;7456;1,5;98,5;2649;2533;234;380;163;224;61;46;29;10;45;1067;3;12;;;;;;;;;;;;35,5;34;3,1;5,1;2,2;3;0,8;0,6;0,4;0,1;0,6;14,3;0;0,2;;;;;;;;;;;;;;10;10;14.03.2016 14:22:03
0003400800000;Zweibrücken-Land, VG;13303;10878;2425;0;9827;2297;73,9;2;383;9444;3,9;96,1;3017;3747;507;730;628;815;;;;;;;;;;;;;;;;;;;;31,9;39,7;5,4;7,7;6,6;8,6;;;;;;;;;;;;;;;;;;;;212;9615;2,2;97,8;3330;2845;360;629;305;247;92;86;35;31;88;1544;12;11;;;;;;;;;;;;34,6;29,6;3,7;6,5;3,2;2,6;1;0,9;0,4;0,3;0,9;16,1;0,1;0,1;;;;;;;;;;;;;;27;27;14.03.2016 15:43:41
0003400900000;Thaleischweiler-Wallhalben, VG;14812;11307;3505;0;10865;3355;73,4;2;396;10469;3,6;96,4;3128;3869;149;625;365;1428;;;;;;905;;;;;;;;;;;;;;29,9;37;1,4;6;3,5;13,6;;;;;;8,6;;;;;;;;;;;;;;216;10649;2;98;3451;3593;260;581;237;450;103;130;36;23;76;1672;17;20;;;;;;;;;;;;32,4;33,7;2,4;5,5;2,2;4,2;1;1,2;0,3;0,2;0,7;15,7;0,2;0,2;;;;;;;;;;;;;;30;30;15.03.2016 15:06:22
